801401
864539
712920
109860
989307
261160
622878
154694
817279
69906
304091
238637
668317
830574
32999
749521
72232
751965
786435
702520
519639
832168
854842
190133
502755
220513
678611
131086
453711
916477
447759
163524
349636
476348
122830
630268
1042185
793937
396815
357590
678005
816696
313145
624907
788167
895528
938674
623077
351367
797935
169698
982832
553553
985629
63020
98478
504743
657738
393203
436285
261597
486349
198680
468403
710204
532443
395558
408650
860655
862059
994514
19359
246464
31079
196246
96924
1043429
569853
509103
546289
144131
70240
185270
60858
838488
417473
1002685
536429
1003529
220796
1047108
28358
393387
181893
286028
102373
447144
1022678
620215
862564
859102
20904
748137
723970
863672
102117
853880
416156
170789
446397
57499
443205
549521
420302
494255
284665
1029494
608031
770312
642378
177083
989987
768602
847488
601197
453850
242152
731880
435163
549890
50209
682653
871634
1030055
360243
716276
114390
473916
200512
935940
687377
188133
873623
99340
664317
110320
224983
631392
955657
518040
578811
130265
136842
810811
821162
517691
448422
173739
568476
40147
686547
289471
249425
649909
856522
423378
716851
975503
752424
443846
346865
689647
27534
415265
729238
271897
671083
140782
795733
27035
808974
533578
488210
45781
339025
793507
609001
555577
658623
831828
581728
171362
310637
708854
439628
20512
916236
926524
72558
398295
52382
186814
49164
794683
586335
176556
883120
345087
780384
794657
333060
704432
549256
309920
94563
520591
796279
160699
248409
771705
431797
199178
397832
615758
169936
876035
286267
69619
669693
764671
332000
573424
380324
216665
179176
374368
459330
782414
154511
977477
463911
1029147
553407
724143
375722
407896
486682
993260
599161
151710
381398
386100
196984
5579
1027077
475928
542204
704774
187033
78428
704948
567106
1033239
736317
79986
915188
512465
473693
320721
662548
682932
59741
932887
188473
391809
204091
840939
612091
728062
732677
378103
276292
264844
848148
323045
329260
761278
535815
496515
643154
340105
700453
835095
367378
965410
354591
741920
907527
392631
739463
227800
520866
887648
665642
24445
613398
260693
249240
245625
543187
85634
624081
313547
394367
585774
139025
51477
64225
455311
347124
10525
700594
356160
930883
843333
703053
280113
426245
104955
165595
775809
647966
682120
650082
865245
62911
972360
604588
578075
627582
252287
49787
81910
627393
182634
432351
646288
429707
1007037
917017
224575
304773
635239
717621
1031856
844500
1038608
98715
438891
93716
695181
199865
731976
896243
796188
24019
557529
7132
664036
741053
80324
164900
332900
914848
546676
911474
268614
893548
53058
849487
92520
984503
391358
84774
833328
400148
558509
471038
12087
539994
659810
160962
318575
1043061
751559
533941
561947
928743
815943
367637
478359
709426
376154
486567
830106
92702
717128
953487
508375
835806
913450
441057
409743
688238
291075
699507
578161
468368
980937
318266
918552
871194
844918
447785
134838
85503
841110
1022909
673460
842368
72347
498762
674808
495771
278880
490397
579854
449444
71267
70943
725825
358592
267067
698219
1004891
310032
485699
314352
132403
839512
834968
715549
980932
482668
734
633834
1046576
1037065
574800
946749
992564
440926
26157
1005234
910603
100194
279336
1002056
605376
224942
473168
725818
932852
37228
339576
435114
463250
198720
59236
197838
169815
638604
735632
759673
93434
226512
305342
541362
1012503
403088
406979
348380
491524
818167
467316
452135
458812
785953
927808
863650
816745
677672
750153
128371
361899
347508
939709
140813
221183
229292
982355
741358
605924
980053
821046
784427
580779
365192
612066
278481
972742
109592
665593
839369
745842
220518
522702
632573
16695
331866
729402
613296
162895
413444
84110
138174
915969
373893
114604
578658
660429
227977
1031348
6270
926417
993832
878668
184485
988007
214164
860984
502448
838936
534301
154888
779637
155463
605240
76251
641618
960836
149421
968061
199446
11346
189884
213295
645340
656858
84683
99000
538078
779407
744955
956682
208753
889852
152863
895243
719366
23445
825808
647276
892460
671730
486805
258728
142755
1028665
86517
944569
70454
633194
458517
251887
264923
840719
989844
431630
911859
1039238
949865
910886
824475
604296
635985
346795
474911
760920
116558
844158
696068
65915
33271
835268
731422
1004679
661970
126391
128850
911002
581523
392845
663006
392672
67112
626271
199446
561953
754565
158544
577096
453813
392176
465759
795488
638907
789948
298145
298480
337383
526919
117271
610045
219170
914575
613224
884193
176518
678392
906031
523524
610975
405636
771347
364804
1013330
479512
261138
439128
959349
673742
872922
717791
323154
165313
304095
125111
492211
183940
932186
731988
845562
970567
37138
945289
487058
566576
569391
275583
760088
397249
902743
145494
978769
259915
834763
687156
152463
744108
494870
719369
802199
983923
29003
486069
726673
742826
313974
863089
378325
486891
983279
11255
968054
458021
625475
489639
409338
153688
403900
838282
449637
229418
774156
598421
860356
1035727
979022
1020893
716506
244276
126801
447764
959263
82417
319510
129520
823506
977770
504716
1046800
281045
135999
236390
644916
339917
665548
528852
524742
841714
714332
656890
1017129
684871
709102
99540
452368
637058
928242
774122
892669
665973
800151
210793
792457
415097
705283
1002479
656225
948411
425979
425234
211741
949741
927253
994236
437720
148754
712041
374371
221471
223932
564212
320685
711320
827943
293530
371738
278606
409964
742169
486940
571229
836147
253284
533996
670275
1024134
616951
689268
751944
1006278
424354
986806
1041608
350882
737237
466691
176865
166388
856745
264218
404307
99289
503960
487197
875505
314069
34471
85691
845618
122145
987382
921714
1033496
156999
947388
530979
753466
209093
920369
71648
559874
327337
431106
35411
786048
467363
439916
758114
255611
332315
596835
511707
574999
162435
256860
145267
378322
870678
424701
669257
714776
859446
790067
366780
222850
275239
322686
782944
990153
815397
8814
836464
197161
181106
76478
215982
142568
687031
258865
658395
178108
655158
545423
686723
179996
892356
924067
413407
588822
418074
921543
663762
264583
1025981
694980
544038
716166
480381
57260
793257
200783
976480
573241
333138
376887
410630
340266
895431
740430
725219
722188
376247
633009
215173
163696
670792
259717
299705
84787
254128
598313
29207
1014388
1027427
899827
144631
480186
956809
78114
446926
381314
743713
105122
353039
403253
204609
109426
811137
597926
444599
812500
843949
806305
768831
721793
703333
891596
917298
741032
828140
471486
226828
570343
23121
897454
499711
548129
328755
86655
963988
771633
109252
963627
65254
100654
141667
346601
404435
964781
802599
763292
607526
517885
104835
45576
414514
736831
432488
255695
776532
8187
938630
877004
351750
837362
846305
882215
553763
836442
778076
973003
648448
36788
1045232
495099
169081
36545
1004784
719870
951628
674155
151635
445497
982484
170083
608937
421610
487140
950647
732458
732939
484119
639
9427
956644
719022
8289
767667
394376
31681
879563
288364
823763
311136
470621
418515
395357
468573
618568
165285
768433
783951
222287
255831
962895
1023065
193381
605682
975255
710379
17342
849885
289564
460470
648190
563882
455804
541714
587005
1017395
632554
621954
741395
149142
670576
394246
1016973
426680
565499
187150
542783
679182
810123
599995
16524
856836
780562
821138
4685
68317
281272
62899
830291
139925
585580
757415
197272
76751
890149
176534
11309
194775
390677
905911
1016493
251439
387436
938066
206187
827012
579080
802863
673210
220413
388103
435499
215470
788040
385211
207543
40584
437599
968241
254387
696222
719302
781286
375712
761365
347168
626838
336913
513842
590112
315804
144532
666745
16562
19091
364062
873523
914220
147436
763162
641720
158434
51505
479057
10194
729825
453504
677961
229753
66735
133579
587476
773415
703860
563017
664390
676704
23083
781358
354060
597313
514513
915284
170124
415559
1037652
239055
45358
725360
54900
344104
58665
750635
155067
437525
229511
132169
994154
316173
842944
543611
586608
199210
488438
1047594
720555
317591
272334
213884
633840
781321
469029
154099
1026503
814096
1302
546501
120666
599418
980814
1005869
97944
976544
767990
19455
247888
429450
918290
763142
652037
933736
917973
672644
90781
892323
703547
1033342
96962
758443
992888
424314
680703
89045
51193
214967
496624
11468
868363
415661
232120
288195
914859
416113
981398
623175
718345
587242
5086
427825
300807
301690
902908
290413
980088
442038
274376
754303
384272
932329
618654
190835
948798
512302
869517
661083
459508
494236
225132
688311
756344
301917
939098
581304
314256
768138
478873
516970
1048279
112508
707184
8474
899016
731877
669246
1038118
909877
620310
527255
717443
66563
746419
968520
80228
426204
940616
982004
297592
862163
455507
514804
83803
143223
777468
280021
429966
297225
748905
41815
842720
348824
985100
439506
255884
1038793
715150
346534
768849
734754
291369
187978
579210
25486
675884
421734
668887
148687
669919
498770
466381
62683
804194
574996
34537
681248
821771
449037
504475
941180
707550
199687
48038
264432
56087
869663
111545
735485
88228
90744
623162
274818
431980
715376
319728
609224
214605
1010212
131445
108555
388068
110551
829004
239013
506915
237697
559354
317066
485604
861441
268315
744293
717713
816920
975064
885884
939124
577472
1010160
929675
232483
399078
834581
389677
106099
281559
639727
59893
1010493
571099
481989
227206
892056
78543
875736
950250
884762
762490
540129
601397
932335
548884
984371
622052
36825
79263
263593
493375
440013
761808
234701
924127
689223
93265
773154
74694
385324
350164
1027063
410491
356150
234648
165843
64145
968342
11837
686112
353087
624723
629946
187205
308833
296857
542684
543189
782565
749447
910250
2698
437323
102172
536921
17706
758653
644044
885568
1040319
396463
686502
738731
516002
893401
932636
341086
936314
48376
838094
944282
715178
279543
45240
380309
474045
581080
637506
643355
910961
655776
405318
922144
1024900
74302
902742
367459
1013146
717427
467174
737484
68208
142830
628428
284177
346505
536303
797570
163204
882740
948046
309428
441558
479423
525605
93587
389394
853438
1033611
332613
657907
701099
735564
196037
247740
745315
853691
969058
479153
956101
220972
155321
865456
1038999
787044
67148
214593
797534
40702
54158
213922
841360
1024981
217834
317230
906161
185640
513203
458383
530100
146473
366451
33100
480988
853671
970834
796613
733270
892596
716944
99371
28606
643392
859572
44523
794453
202873
745386
750858
144603
377772
348015
610855
816111
681857
926945
884925
1202
102820
704125
979755
215856
256371
659709
1046296
925555
164767
723139
289419
756593
189765
1029592
89955
122125
743320
129232
517374
282375
774691
769433
917187
231461
286676
222563
775166
601624
467198
977164
718897
280760
788673
419162
204630
915956
788154
980745
434821
587668
460459
513720
613896
246386
355374
512235
923107
373610
412055
609926
44172
768245
769862
238231
353851
404296
117232
88570
323447
337846
60541
21441
602081
468408
835194
442188
657768
145808
525708
576755
708139
560839
377081
136071
968242
32537
516263
925555
523074
744329
436893
412753
833657
416523
813818
520765
55216
392170
851426
236137
722675
194324
622498
742441
847979
748766
146481
917176
962207
665124
76918
1039067
792212
557851
598301
484665
327905
987923
454906
778079
793344
494609
755106
190316
1002906
311683
767010
842112
499752
913112
211485
284057
89740
492310
7816
887591
1047897
497034
534002
81370
44752
167093
682518
383565
240314
461188
87333
783423
525837
946279
487143
373556
953810
72122
478955
845697
901640
645612
347271
726642
1023340
894297
5260
230390
626311
738674
300545
33225
1028455
783751
687686
1016512
922027
1013879
347878
275578
540677
20849
978638
223781
6717
319445
191611
147060
975247
621596
681499
831894
302742
672488
331456
1011080
480502
545718
679872
800502
519108
353852
841816
42458
724109
704537
96349
407341
633440
603009
112997
288666
752051
75369
240836
209634
101362
31062
252872
1044491
507608
101788
345526
446218
234111
1005271
652472
1032532
58889
748398
283539
30575
529922
286551
145115
1001437
609175
610603
850298
47001
990493
450016
1034302
258305
583672
116607
206043
350982
348213
90555
100746
894079
464920
537868
263233
208582
25157
345304
159102
875948
263554
523009
321737
671286
88630
187787
57798
387072
82830
1009759
492582
429149
9279
649133
654482
1019914
247723
432620
821980
747649
274105
704413
597172
35541
850067
747268
705864
201679
900795
993570
73129
337594
88199
724785
38997
775934
890760
887110
579994
134290
220624
486738
609953
176059
535870
634946
887354
802307
806853
286046
757434
297532
260451
512034
615765
984374
848796
5876
511325
786726
969666
89416
1047393
497111
951019
940821
83408
98551
433139
304018
1031939
832973
230762
960400
316999
768627
99990
653794
506946
729466
428843
784045
86103
375400
1028534
996252
605947
950543
173242
815101
539674
449494
249359
306603
234140
758156
335542
65048
954459
904328
580870
991391
281655
994117
821713
94885
770309
583504
1020118
627160
660514
343576
124510
622493
979352
951485
958391
1004462
1039146
837823
222863
726685
78760
464387
748966
240034
534091
94387
213997
977608
740565
292885
808430
114129
555775
953605
208601
467540
314762
900768
510907
380655
970606
223137
470133
872901
9231
107152
196885
307477
18847
696894
390949
928756
416140
934829
717181
965883
365986
933707
462789
829691
316624
919244
352801
301370
875278
1044393
139157
202823
1025802
597911
426529
40046
855191
312025
792570
944608
404848
883511
822144
202377
580389
382941
520093
1037596
325739
675142
339915
722944
228660
551608
711365
383807
861297
379121
122201
7282
621093
243988
262494
107611
1034129
107888
531770
71056
21013
193377
608617
971336
635330
1033929
461685
44051
494031
234124
411654
51444
346627
491434
294938
734228
1013986
713637
350833
530694
993898
378059
437817
791093
397310
977836
286092
534941
799015
702837
397202
594077
715241
752333
166397
842610
900964
965323
644908
518504
596301
760443
1042059
633813
951958
561603
160345
955035
648320
761507
928628
336810
648375
357283
880465
375399
181771
46923
275644
578014
344927
637292
365141
188105
949512
756138
223230
884037
418587
709528
1033739
1018571
376019
959106
410720
63488
476675
326331
576960
1016295
172364
65879
353036
36241
721621
985458
170452
277060
468446
522323
613086
675089
446830
997877
370110
259071
802265
738216
617473
594481
1022891
65712
870352
847114
821758
998710
446770
10491
371696
652534
28117
436314
699301
747649
586821
773601
588430
581726
950576
818087
320606
509740
423049
847104
841721
536384
16578
977756
887588
814589
512215
809398
240555
843351
160613
630015
562256
480065
736472
984663
478254
497923
394173
928559
696742
648168
235018
924726
782714
98593
924173
415770
672983
667883
74687
964177
707861
968595
574331
1010413
319467
364110
640674
291831
59188
409512
68397
676486
487266
69543
683496
6048
833795
715666
765304
630805
811464
782964
845011
843037
449880
368215
238468
714662
862775
773126
120894
560318
426675
198985
374367
989951
526119
576369
207630
426598
303352
303110
126634
652215
910905
960753
49681
267250
751264
1000639
218800
786653
896056
775651
606967
912452
864847
89389
171512
674692
805520
789104
365032
924574
892687
413694
858287
148454
410207
125032
21221
729369
580456
734112
210348
250836
181122
283335
670837
815700
713694
127840
74337
698682
566301
1017807
910395
918221
991618
438341
331096
292036
539736
944013
741792
622329
33249
293971
748376
1001264
307348
726296
7941
851074
70429
183007
830816
20345
1005191
893759
576230
426321
204449
952649
51128
931726
113311
15143
214514
91998
234649
287341
130512
477009
733928
159669
76777
447883
793634
158744
348293
259096
523195
620781
89924
616603
987889
378028
168638
486191
98227
751532
990872
366625
244428
545886
61799
663605
785210
193364
469381
640374
99225
751739
720778
19661
196868
116026
643216
861561
678442
179368
867081
229188
633998
341178
457445
926889
981109
136423
295997
64470
535137
1029238
324029
709246
113349
311511
908105
107909
884772
573701
171610
424562
708136
61614
401598
685206
169408
458956
554411
707728
794980
746248
81398
21047
938879
686861
407003
761
569991
684166
48187
793211
731806
858564
552472
354762
107223
96178
363819
435971
1002452
107885
405177
492870
476970
587436
919602
281489
297436
557313
462461
621948
964089
890237
273534
1003916
918686
677423
581404
985860
410504
338213
782839
760690
98168
81741
560086
29627
206513
180955
145595
246852
542665
663099
327173
275108
126921
542555
196247
568278
1032620
367338
46171
309226
555601
1035874
480561
481052
539676
995584
24853
488206
208157
396925
120587
998253
994669
531460
518103
56568
285234
15704
137724
532955
933815
291173
205771
206832
309855
1027800
348760
924180
517498
154224
801133
653578
159370
309835
711287
42511
351651
65345
56201
552096
789428
107440
154762
934209
665563
230782
489367
428009
776707
586733
880693
419851
924054
990396
97704
892731
686458
201751
367742
298510
875132
281304
336505
115158
4751
797127
485103
208363
378643
4703
301174
451886
665124
404986
606763
376432
924458
45089
444327
931314
74021
577880
131344
78858
377670
360389
420645
661807
519695
874433
42254
153715
405402
936058
700015
926897
72220
436300
452680
228585
1045873
23779
40321
133698
307750
370192
309575
942582
88120
69418
1019685
441430
909323
64167
614274
257626
718268
44450
1028417
593999
635345
795120
938198
87876
407232
479119
236004
62580
968256
634888
760388
280671
457869
74262
880298
22199
222353
366903
369640
102448
986177
447349
695158
451409
562589
576817
151576
634641
714716
535366
568893
1047218
51606
91314
642660
128855
437267
299409
2400
171261
525065
332438
615787
843822
479947
235543
256607
606387
587621
501003
1012055
670645
150832
206896
648804
982743
362362
554481
147133
628957
275692
102456
103942
109261
563898
266199
626246
961736
289561
811318
170517
206407
379031
689172
275914
269846
170073
693507
7515
650644
370298
322724
821842
936124
1028079
415645
271945
729331
104006
733632
125341
1040760
841210
683487
187141
975957
287879
418751
18426
411798
809481
847304
527386
584218
250492
767862
578715
584754
758810
773402
322621
935000
120744
784867
643030
990504
549255
101176
767324
629705
644872
606449
110387
606157
244856
599992
214226
991612
198250
595289
290845
227215
405290
552021
65308
781717
30801
905750
879814
577127
467360
349636
249842
312035
229700
782820
30338
884973
407676
289834
504087
469284
363550
242440
444387
214553
23735
699820
546328
872703
104990
1007938
143163
263317
648012
400194
518113
372848
284549
1004955
859160
758372
843625
627916
181702
554427
852026
860375
945174
653946
333898
458977
386786
427850
404405
1012002
653951
124251
264744
211958
239237
372198
831587
514931
41631
958646
837951
186180
523356
96944
754006
122977
345645
854866
347313
939611
578599
181504
996108
657425
623230
520085
795468
930436
640457
144288
310176
626830
348483
103718
181696
850090
717643
717249
560006
605019
813476
109857
407631
942180
71464
147357
352613
487424
921792
59608
531006
538871
698442
1040602
361321
928571
236533
883431
830077
215481
820906
252539
140244
681208
787173
390465
400753
16988
994337
175589
49903
395049
766257
294885
113413
678637
446270
401135
19477
513633
738480
703213
259794
388088
414994
382940
682421
612839
17914
188842
1042950
821488
76078
1047354
294180
751717
833013
468162
113852
17976
789171
820717
207216
850612
963150
418914
165788
955534
462129
372982
71740
758136
634536
193165
83022
842891
431949
390390
103529
339782
282253
1011409
490846
89525
560733
874054
340965
1021696
898051
871597
800224
914879
991940
505043
729821
478598
110668
310534
22927
775892
884629
192326
1044513
874043
490820
672738
477671
664935
611977
585452
490286
599381
68022
715145
338867
173942
275094
915650
701412
27420
627042
1039099
516751
765652
470271
977452
990018
1047931
100900
438620
712332
768146
498363
872821
927521
298505
790195
625299
313659
172883
705550
932688
685514
1004711
536904
535581
567994
689369
807411
894655
31090
1017306
615159
917841
426142
153887
798769
227791
365098
44881
175032
49437
548136
712095
738846
86642
871512
457516
447562
868795
587476
370200
397984
751543
901619
575026
842374
15251
378776
523123
341826
515074
101928
418188
600664
867933
205955
262765
310953
943523
1026375
689308
706387
215966
313829
159838
448937
849166
667376
935844
549716
364317
266333
32518
39910
179731
536759
676304
714876
268138
762639
36257
159642
343836
871165
938803
451486
278986
100855
983305
162562
496940
250770
555805
124244
957350
174921
587535
20274
494451
791816
567746
928751
243727
496966
552398
938864
15970
454032
274571
229700
960904
265103
503274
632694
648757
647615
14678
377933
862428
670127
384210
591692
321551
459814
523341
906955
683760
71786
856039
486944
41584
106655
400640
383107
1031552
968341
916472
101607
998769
696572
394166
928773
281648
329847
884900
621412
789654
618407
552693
854072
44503
380284
413674
803140
691643
1001127
750513
517422
485142
268025
255587
946890
347268
36824
490822
541382
609712
443229
546150
540584
71998
668421
34419
390183
919228
446911
340827
411177
737851
707259
353718
958336
794591
813337
612578
522047
98683
275962
701526
302828
386827
537951
844742
237640
359128
36752
627248
808568
853474
361704
615588
696359
633740
421822
418740
412287
681254
691044
396779
434560
166722
880539
692285
980390
650695
711270
776278
169892
997113
439551
663853
301021
554963
853147
843565
576435
765205
64146
640239
376549
484033
544857
586743
1036592
856211
879304
516533
187464
982041
552154
669321
22562
412831
948452
647191
902560
657691
801196
521130
891311
509353
606426
703231
262303
270093
725466
19115
996192
881617
454298
112824
441943
701484
841638
329258
517030
962599
629303
110940
988782
248544
826031
1013045
70117
277298
361615
137700
35461
25587
681050
327352
790742
211026
824253
218364
384153
839887
866948
1029150
654822
14444
510219
795543
808530
540050
166500
128443
79493
851874
796087
438240
149955
279099
344295
921362
285598
349317
455281
192261
639332
316706
418730
963778
859789
165545
1038540
690749
704125
296514
149893
748325
381071
536251
831634
79826
231075
777985
490291
136574
176024
718167
18401
975892
89045
464162
1017470
493415
144715
164500
807167
88851
838430
244889
357695
350398
359723
406084
453751
385611
761108
805306
231550
626299
1025120
212025
503186
1000129
454625
779907
377147
630698
957605
672465
699837
697524
473376
246700
50739
289930
944231
626948
525699
591078
707544
784383
707716
342821
148433
973831
690538
318488
981408
897687
341031
126920
924236
400179
86997
486143
699671
435513
523815
768680
783740
452227
534833
924627
222316
415582
244487
48931
247321
236969
347107
945416
759493
105808
210426
745607
412256
121132
410907
601487
197543
526087
259259
506720
479219
555591
409048
65298
537149
839547
829703
54686
286665
208776
576905
728458
1038262
152879
704235
895711
6244
392698
319489
985850
243867
321390
670575
420042
282053
1029967
577310
774739
886439
863141
345953
842196
170626
849349
318247
939563
89901
24733
701361
789471
597214
201204
93315
938335
644620
854330
39617
803464
528483
64481
758398
936928
798332
307557
743835
580524
406194
1013311
62562
283533
397264
837579
642777
355015
104770
990649
418486
384457
694494
489195
364778
883337
724927
258315
188969
721512
178132
17597
884793
714532
968084
199102
883121
927257
751764
911391
729118
459422
588388
1010252
373904
838585
478126
515442
497186
658788
882545
86543
447422
174308
817730
361723
626529
551751
98685
777987
912053
895176
1021003
907799
38716
486025
526588
558877
864767
871680
38209
898219
286052
703542
462850
483597
57336
104028
37150
583860
547502
996625
522644
676936
965380
274308
649571
495588
788074
899371
1000832
605395
80510
298187
667705
870675
998721
716510
865983
478779
510439
1005857
75640
467930
236252
271074
871907
451788
977926
605668
657359
924035
37730
690869
476241
774303
923
281814
384692
996037
310075
416234
84348
244425
552471
322686
694480
389836
126066
46529
656480
623729
841077
862254
968852
144100
44136
534937
387879
848185
597228
933582
979868
587383
99484
319432
321957
1010468
26561
463640
580594
335066
802526
754556
80812
141492
535319
233505
219461
686373
268907
1007290
461031
949563
536410
261020
133818
944321
314614
958358
611123
191606
1035124
865542
1001843
463270
320390
930548
114400
143512
188213
48848
470506
469490
854397
296815
670398
231838
148189
829482
712867
906988
297468
336737
156487
642769
220700
631005
316628
684291
75904
264729
549263
206692
761348
978956
38737
532058
31103
144970
478186
657565
870594
1024898
180782
1025395
59015
1024035
1007229
992754
674866
962250
911066
262113
880021
932627
177078
708425
347466
25373
718191
855178
80913
595879
389614
397024
742710
490826
762605
1006623
560473
744680
335331
973370
375396
130544
704341
155890
282418
986438
2833
459428
499186
832724
476401
526909
821338
112229
23526
753075
381132
692592
903327
594321
286224
6407
845159
234638
78616
778621
1034006
350698
614996
100499
292211
277064
825660
250895
801838
634972
764980
1017633
623
77869
98548
388916
778410
136163
579067
912253
795924
475765
497984
627062
993263
543076
815886
341798
876149
246151
468165
802591
832053
493152
455804
639134
631291
899558
987779
1029561
496942
623776
101253
1037738
220463
122170
285135
1015769
520147
295058
260304
826688
894393
109949
854227
676790
713010
887464
851294
566893
580955
744025
58787
396927
4642
575777
990230
206307
881487
649713
828847
85950
172589
569087
294879
215050
133442
216913
91468
370753
908595
164854
979261
367292
523185
502944
355914
204061
920750
312370
960667
941823
1002060
5421
357500
773977
258347
884131
29109
289977
696716
119595
881204
496560
621484
366756
396410
554988
23839
829809
477600
41122
1029301
201868
978499
906315
771124
261554
348034
100639
915682
999852
849327
164656
563607
631245
974918
473645
133433
346468
306424
294978
857881
260213
958222
893985
875073
294449
652610
894441
120840
415366
781398
735431
437506
469783
802448
567698
217598
523208
344284
275438
530774
742454
13577
734673
998835
256208
547112
123591
218037
196506
540633
565733
793439
163061
850668
694793
711225
518430
13569
948916
1034816
849073
640072
224723
590145
404249
965937
1011076
593656
737223
838758
960146
531242
694698
648480
830020
754660
670050
611752
254624
466566
497402
760995
181650
840137
69239
673642
478428
589765
12768
87489
128499
753035
12149
115349
624462
975015
603426
468403
908868
399279
695817
123928
694225
643753
714696
85084
156311
23294
17577
549901
783119
725165
832882
747876
222241
858125
138237
520757
192942
644322
566102
654584
460926
456794
263488
325170
856384
376400
586536
622440
25370
357671
271592
141342
61659
633620
977499
253611
572242
198397
254578
154889
662005
540345
161856
471609
559517
904175
837774
160174
411489
379507
369130
530125
281624
131007
192327
830724
669226
538988
250142
843586
849219
407665
461976
987269
436165
607369
1011619
269615
430311
404496
316839
454861
32678
645994
856302
902851
1024072
624003
151568
83941
527566
14638
402014
857072
166243
600226
421903
343522
606515
128646
705038
744666
642693
840413
724138
1047226
690250
80989
367261
337860
940817
713306
321203
770170
936618
876023
952190
406323
773633
359723
13011
57957
905834
917834
685760
287417
829259
941178
155721
560310
75440
453695
968395
277413
191989
995369
368513
261222
227985
786261
726310
143498
67999
502750
459397
41733
586416
708383
456443
409338
562451
212538
376494
274479
159289
211773
291927
796620
216933
882284
625808
96430
38213
384377
539492
370504
366203
808622
280638
59111
437322
608778
33163
663583
693086
523670
85303
143414
500958
272781
394455
356318
504427
195095
728234
565794
233587
752282
844815
124473
356233
83834
898713
64977
819186
235001
716869
412869
566481
897302
412178
445993
466362
460017
666798
694992
164607
338084
122634
242968
227315
713944
587054
811369
560841
1007405
689297
749900
214415
546250
606377
89131
167149
443364
672569
308704
233509
65112
638319
151333
158568
204584
757969
771243
476513
210095
660492
971226
295590
183733
385858
272511
355902
801930
960521
229140
346786
64727
17120
362282
679374
28146
877371
1021718
406101
27614
779906
454736
20247
42382
793406
170424
309505
374978
290318
327744
581448
274758
743161
782098
303650
143017
624484
879232
558243
389596
480380
207454
711996
705858
161428
329043
316942
102232
744354
828317
101678
241063
316203
951983
389010
233384
322065
50068
481898
789025
256784
790860
833424
967687
95384
786940
402807
713894
180371
646667
338443
757532
801279
760217
466375
804430
93370
790639
573585
110143
789411
752052
8651
347916
416635
431986
1026127
150975
486997
758160
1000739
259984
904556
810006
906029
38882
1015289
494798
535794
66613
717133
130884
382684
802159
592761
294818
300183
550377
6171
192496
269941
163969
327789
12465
22272
82942
480204
259914
556832
573506
596302
962678
631073
728803
534465
746071
830574
125202
894444
534218
736308
328929
867617
818192
598261
549285
62219
121618
457312
465508
621010
777728
292735
528774
900747
812218
579511
655683
324035
208513
467979
182302
63442
439536
705142
728217
395772
350001
108510
75322
629775
734618
6852
86463
313192
233482
610756
705125
272113
82894
735078
890346
204123
1029719
334925
876460
438264
615880
751956
538640
125030
252249
896371
700543
870514
669051
511714
1043020
634233
801182
479589
37204
672216
1019073
754023
1047958
358530
548902
30407
793466
637398
919874
807781
119814
1009074
345915
536589
587068
859359
435945
220918
992882
14029
526518
525096
181409
698749
826121
350150
854554
358081
228640
915158
995342
959497
332997
482940
347493
199952
423329
522832
60435
1045969
528044
935375
478761
271580
1015899
601293
756532
490063
491582
278855
314908
126913
102429
706029
626741
1009726
297888
885555
190279
930990
1028179
491301
786938
323270
228013
174545
340956
46670
799115
599753
326616
777808
1025143
282101
812468
942270
849130
131689
26423
519005
749662
579038
435722
427630
497851
80552
994897
671437
895551
217084
466893
558775
857585
685729
248498
15883
479313
132905
450144
676251
539925
833038
864532
903542
1002493
452590
666239
712367
866227
165509
756479
56949
353153
89994
385769
1027483
823626
431766
446272
454488
731372
293130
38366
98443
625116
28127
152693
492799
623890
388936
550049
70048
727154
378990
28262
915003
942545
84980
954586
747877
286799
405284
864773
785957
508156
846252
473076
827552
928242
9597
621739
692968
1018419
295222
706591
407604
636679
85172
115014
593921
450540
571111
605070
172331
175525
878400
304860
248167
619048
798462
479502
530881
914185
917
196390
441891
797253
1036385
649417
64799
929815
250607
1013302
212301
704900
887866
23051
699904
328806
907928
516965
258490
984595
91198
730434
590484
542499
629143
471825
274301
354039
824525
971510
79463
663777
171818
822493
655265
696602
614750
95371
53148
793554
353149
317407
144961
162327
392502
644593
585015
429431
618423
635113
464843
650391
21745
21341
1016379
437604
476125
785497
918205
829556
787404
996195
189030
140641
122076
642881
283143
977450
251232
225057
799711
529797
611635
561823
270493
427312
847447
114061
663723
887733
1022475
635206
245746
554802
348301
649784
352450
37016
543753
988727
187544
235841
58341
586438
283677
677460
823777
962318
134631
355314
215256
996559
1020662
262270
658326
263830
799312
484735
425410
1006579
584482
982751
941093
1030856
225802
632708
165072
813929
446619
371655
583660
780759
468635
998753
806807
59516
766462
53253
150736
903843
43684
487534
222243
487361
735712
903991
331415
835088
885544
669479
229822
259152
304370
311203
109
5769
967578
120937
276174
637081
592486
598024
374467
169037
473523
66447
833888
146236
78691
104459
177657
182892
725856
942310
441357
934123
409954
478330
967372
941496
83038
575791
994061
385946
841024
390820
549520
906833
644421
361102
910598
875837
959384
828399
884055
499287
969449
16170
595048
827081
292576
10518
64817
382613
144035
257475
377212
160525
820702
383625
233567
264060
493552
67990
901519
521748
744329
688880
422610
176876
289309
753384
959608
443535
884205
646549
31390
1004667
394784
984069
429241
1000283
279485
116174
267026
559258
786820
542599
417415
534356
910885
902132
313491
427119
669524
54329
337490
267182
188153
383091
69593
46615
1026085
2862
799144
349895
91227
110415
703387
574959
977365
841891
263283
260261
838281
849096
993230
378762
425685
161948
535365
972590
811253
627174
989655
385194
929870
718703
52494
1004282
917481
515135
724392
452971
708334
591461
634816
219308
1009268
946159
47368
923957
504735
437477
31310
228793
852556
185876
463930
211927
10923
928997
267427
137030
242393
719890
1048048
319408
343131
931873
50818
266373
944567
566356
77463
554904
189571
813740
654714
104665
787066
810242
923057
487976
554171
927500
449402
1035279
617945
750008
297311
160902
320678
51286
742992
346097
720957
81637
532725
764016
884500
988797
355531
837229
237486
548715
302895
424306
467340
261794
1000246
753484
791528
1026554
647233
7013
1040613
649524
537885
805197
432710
170339
73146
248572
492129
664358
851405
651909
126432
121544
354618
751377
48831
290778
808798
429292
535902
928951
723056
124520
149575
1007479
479319
18167
577015
123078
190827
351150
329906
16709
291882
689994
739451
661602
460730
496316
522040
953767
353294
94385
611538
738346
831604
145550
893585
922490
616298
724259
349427
928759
597777
801462
334455
590110
326738
803502
337616
236858
19231
740048
1034265
487029
443954
827447
739804
393759
1012448
365217
326963
87213
208531
475014
283431
646876
623742
298653
361199
669590
808960
925192
563988
809137
1000936
50232
614945
323736
90708
402812
507488
532652
1001509
692621
455902
192731
774003
662936
303271
591008
610323
418401
774638
960987
675717
244536
28732
21888
647386
484557
716199
714105
884036
532377
432674
983273
299609
712069
322633
940534
22098
791902
879533
894599
593884
104588
917227
132985
583222
420163
515247
891461
889332
362513
1028666
45949
168555
213983
218645
699700
929132
971564
425119
773488
871399
754833
596143
963516
938074
424778
708064
1022815
921422
126278
274060
59507
426947
999463
131000
461342
1022105
1043169
14016
970455
407611
972904
733298
101363
981796
89594
496198
769708
1004077
947497
569638
907576
134090
969272
262932
936518
346993
561084
244301
397082
230522
54122
145197
328326
34434
41701
473841
423653
864832
503001
645022
964961
709185
154201
902309
618451
763424
513936
833378
371236
343622
193892
303462
585644
306866
944812
111191
549489
215389
616717
253368
583754
54478
500782
560693
42341
899231
221275
54193
876342
653327
327764
775508
461560
999324
532924
857222
543329
542589
270999
954293
15899
25934
624705
1024438
553209
422046
135978
1011041
132668
174046
701110
30028
311196
513910
710475
857727
463824
477157
709599
358457
422748
91075
273041
931233
34793
761697
1029624
674775
722363
229055
1030749
2379
304329
410804
623866
475498
59777
887741
637895
682852
867154
818972
831484
427841
440758
94623
274823
860872
935907
675172
88734
690152
721032
899955
163723
213429
985434
454722
97701
441966
408297
898537
594706
836231
283730
471237
229999
735174
523144
268087
133251
222148
333075
485998
280534
946229
168796
87041
976842
382900
377074
248865
323449
173734
154410
622894
14146
49351
792741
156668
597897
678772
729899
86057
651526
140747
961782
661333
463134
69272
427175
425123
675942
543444
838863
215552
600581
807649
165618
566173
6834
434788
69732
806349
65381
883679
871144
741460
668380
557195
894747
801113
972619
111781
672152
117968
179166
636156
925330
656866
949617
73927
762673
365355
638165
366316
206988
975394
964308
941846
996735
733728
1029200
524605
31255
1021208
807698
666078
897375
617708
592002
71727
620898
421607
450364
885384
430580
946032
758462
918065
203182
938292
923725
488415
199220
415989
1017243
42541
185066
943165
696645
992999
865372
790675
980552
113733
167353
256317
652192
808131
720665
219953
658101
1001918
7539
535431
480265
259669
955480
680781
488069
845767
15926
810790
812429
307005
383500
773086
754239
847760
345045
448351
640525
87770
87824
625364
799686
48591
1048410
269493
54964
414132
644921
573952
952605
425891
914569
563922
454307
390527
966082
576076
648187
67398
907551
109853
256569
860099
535490
104757
352224
647628
310027
143018
1015474
471889
203285
647416
81198
72792
630290
418470
1396
869540
405813
581902
731179
33589
215808
944918
147840
941104
1011237
413521
253906
232507
379346
475116
175860
832427
754205
297952
710147
1003573
278775
575799
860193
185245
255502
978221
830034
896638
530436
678635
601794
166675
241372
804788
561509
259086
723890
294665
812542
773783
309574
908455
25887
242369
284886
173873
841761
907310
39236
259997
264052
1017290
323218
756130
757011
756020
536970
208827
519225
733146
474594
222475
166998
654119
599661
299756
750128
66758
538857
735611
123825
1018716
62651
833788
323353
416747
147051
426234
60462
551858
995599
52254
672847
502558
773416
631267
590584
272829
35082
632993
370974
79374
191154
880146
46402
41877
227171
580529
331435
760070
332536
961176
914844
652880
643055
4823
297956
388083
18969
44299
791459
305971
974337
296788
948730
309551
935739
314968
741997
372519
879343
513387
281663
711511
269581
52984
942217
421935
177584
722172
276816
128525
44449
384674
615724
776590
344864
460402
1039624
1022624
296010
689165
140045
82743
448366
484349
849751
489757
327929
551055
10472
811891
1001483
61982
505725
774792
986581
841310
929740
122530
493219
978185
665108
582042
579840
148103
750894
248939
175221
169343
870374
67864
127822
492830
113821
939681
951669
934364
363985
917915
333632
202782
671729
878326
695453
641669
573635
704602
530285
252212
263420
1014983
450223
319786
821614
662960
520912
944156
124533
411125
985859
490839
369062
840990
887715
708476
595011
405797
606199
923
677056
347376
207068
287095
965152
896323
81871
995405
48985
761375
590483
285751
555239
228058
340465
434658
600755
379699
312688
751636
770222
939326
998631
810526
1042339
554090
197632
1020528
802559
837155
483031
815473
860793
482563
893892
266046
108101
950613
57603
967033
550746
398005
615564
768167
325551
383500
600807
690290
957729
654833
21401
919308
723224
263634
711632
936298
179432
627041
147148
670949
1010838
67237
602923
620934
54375
399122
740862
467975
523144
310341
927141
917998
28753
885845
196889
437223
337821
149031
893800
565231
449232
879123
267656
182683
196291
621854
493345
666310
568516
57392
1001081
981767
312587
1039504
21999
1008878
479037
788025
680734
774037
978330
221881
1003528
147447
544970
218881
444662
119522
225077
120902
131937
608422
846352
374864
376630
240793
173342
473072
1010738
599962
612316
679168
995879
481172
501661
890491
531638
446691
274537
287034
822525
525886
104014
686281
696380
921535
168275
99267
640057
812857
789974
974914
742708
920912
732143
749296
692570
785338
963113
107873
168987
743623
557620
714243
1019371
600983
1035777
388471
898975
786669
114018
699178
850509
962725
409390
879626
359536
155192
26194
377333
288368
823326
827888
609162
390587
941587
806961
662084
796000
21442
505124
699250
763139
884543
675748
522048
664748
320856
871697
1034565
850036
477165
477720
657920
318000
711377
868739
187993
563800
1024543
128664
128836
900306
374817
296739
89925
699764
804544
832090
855248
858683
338049
137563
696778
993301
914421
606369
410939
852858
611260
739672
71798
472524
903222
34469
903232
143078
509398
526272
605428
577308
489144
14276
118332
190323
985326
602237
235360
784073
56588
525498
598064
611031
841358
644280
906944
691570
997157
411597
618852
953356
750228
25752
597524
866421
161274
660136
271531
369707
91344
158036
53317
820639
837553
799454
795303
80671
691369
187422
746189
311438
70494
251211
295407
194454
328234
333019
947062
730265
464012
17554
536945
386710
627261
723827
861017
506339
543812
901214
539410
791554
578022
47673
333383
525334
455621
408027
895854
832410
259204
70294
917179
971366
169012
691484
2798
205968
477805
210944
677582
718443
414623
251985
353120
248406
580753
1028301
253035
923661
20064
465592
1030826
385399
1017814
250923
727312
249200
820219
57997
66012
749220
1032979
342974
371796
791550
745208
959735
802296
855132
739132
446025
459314
166251
242872
786494
125458
657893
316959
161967
344471
184665
618727
895795
596011
201421
617062
72527
179796
279288
201175
155210
882726
415672
16817
1013933
946260
407840
416558
47700
375434
281456
964899
665408
170877
966953
591549
387873
272234
527542
561226
301904
113114
1041095
938949
451893
746923
776705
263528
335191
260288
30549
123222
975343
174321
464648
854135
16270
339421
980931
119053
433834
867935
1022462
763403
398511
555531
95171
495531
842223
494924
154790
128653
770534
827433
644445
254470
49850
389715
119596
477509
310828
760394
616174
917335
11358
77418
242902
867008
976231
562142
639150
509899
400574
705576
981120
844841
679526
457106
263106
924562
374414
427319
209830
580478
146170
591594
593263
67107
1022353
904137
628298
767752
159408
396689
417396
627853
955048
901973
349140
775530
685416
44168
148155
999578
126806
634254
492997
515962
18851
97268
990586
536927
853889
629548
305808
213273
640183
567631
485910
728634
164234
358384
354904
230424
451924
4666
695072
388813
1024046
452242
174582
981078
1028156
275696
949337
426326
485414
821062
265582
310497
288177
392156
1011644
592316
816959
65731
209909
658604
978218
164276
403330
95918
572879
63638
295857
821447
752201
69619
517860
726994
21931
362175
411192
71559
499527
566982
1043007
365423
180173
459012
402604
983885
796449
1000179
558232
29341
40716
198574
108650
1041007
708277
208523
78027
50056
107010
360690
536349
390362
814315
44409
186099
993492
363086
792111
311618
960959
711993
568542
654088
462622
8798
13912
830339
650915
674529
78795
78300
742693
220
86241
93743
418432
291291
896302
140424
226310
326709
859073
754794
462044
495762
898197
423424
1015299
99030
763748
12793
674058
995458
823685
217911
777544
244636
698527
478662
601754
687069
822658
398851
21526
668895
873326
436113
624316
345213
383206
286454
251353
672218
856573
339327
332197
631444
432696
889584
567613
222065
942959
664779
120826
26042
673547
342039
905209
991220
10778
818055
366459
143953
602707
621357
1030226
537069
247698
238812
77770
626142
740327
955376
791779
573023
1046330
772823
181469
158463
907418
478083
976028
714763
221
101508
19362
302507
125612
934207
802411
519765
63164
309329
405231
323600
44375
484836
273725
52277
79786
172287
703974
225653
878941
587833
93443
487364
614714
787523
875332
938126
809100
870948
403379
820938
649387
426337
409531
192152
469078
762774
495986
480548
130449
945196
95721
733647
594044
949696
820524
59747
419274
547648
936893
629934
171042
673895
768606
131559
792025
720598
888239
771744
398203
916342
407840
161855
30123
763909
987979
770876
607199
333667
323595
115850
459632
677960
249423
432342
776753
712734
904458
158037
704478
367786
25325
592813
1033065
461175
387606
328065
480138
638469
901396
945871
367401
312275
403273
29186
1040910
556319
132233
913115
354490
842868
767074
239392
7034
851167
812930
308597
988877
407071
114049
55247
627352
785695
128549
261793
145189
142228
871335
959158
860592
477217
143675
570890
614593
723449
346115
112910
399833
687007
704646
760321
405331
342473
313109
389774
858212
374723
446722
462198
59874
362970
576933
562759
342450
34767
865090
979146
630832
76881
722251
852397
630393
783483
701382
362770
231717
918638
386409
2387
767935
10746
378577
711071
739775
994497
644144
540154
376382
459962
863400
885875
252663
294382
891532
120203
321451
941938
180053
191970
358047
209580
421203
36875
514542
927014
489532
933284
829268
362690
968272
404428
545454
802318
237271
10192
865057
895205
922522
177241
811125
581333
279208
678736
101808
730774
317162
673597
205059
978387
547466
316899
921771
78841
607524
629931
470619
907701
766061
994384
966235
481357
290530
360123
868363
353081
273762
578665
175579
434355
208936
310217
509302
527706
604930
401405
349855
400945
813556
520664
459578
888717
362017
553151
138788
367631
442968
794359
258787
539146
691607
626137
308085
496225
400726
61033
709521
842550
875723
35141
26455
100392
451882
1035577
134653
345812
1028497
963414
868890
471190
551763
611416
873684
900299
850681
504028
384272
133682
770276
11788
323433
929027
726372
988989
97839
69990
598893
616491
369387
723891
911421
116659
463729
29991
680262
501644
337508
890225
822906
472099
771347
365691
844316
164933
133166
41160
263945
942810
347463
1018137
124958
1011023
156429
614868
749025
519115
564424
501180
89463
49475
1021720
270583
783719
812330
953753
218762
996454
889457
846940
657212
565900
268767
766471
669600
1025265
180005
183190
676821
543846
928799
708876
416289
597783
359549
418192
505251
129474
607339
178550
413447
27419
564401
749050
31607
538993
159472
664298
573386
371253
1010362
372038
83916
644421
369003
59341
956833
59614
33001
271008
1009632
480694
832986
57065
634136
266803
710944
333013
729320
720003
892162
9584
710424
400317
522084
420925
152750
881803
36664
103338
902277
378855
326405
554176
862359
897530
584499
998904
686252
463414
4998
1038178
310471
873053
821745
908876
398067
106547
115145
1038547
343681
979108
121197
508546
810425
828286
73976
214498
121986
158133
346985
733037
224076
1034876
640019
469462
536144
24682
70439
968706
339120
441727
348327
202584
790621
1020020
387132
928509
780895
311865
869551
583827
603193
306108
146010
585018
621345
362550
814395
354743
72788
53348
1000358
810852
281839
555572
773596
590765
304212
834326
544942
863847
496939
480019
367767
513975
392441
453552
348244
1014080
254768
925501
878195
353470
5576
390903
451053
903785
444923
883054
759641
400742
801601
902187
101206
415030
499786
755053
653802
965735
861794
103029
323408
50235
554408
707878
456017
268974
907745
259965
468764
870089
673561
172533
597945
179384
633072
181211
1038088
577437
298380
189700
754146
808410
802752
848067
831599
703982
409176
159308
932407
376833
275486
617530
140669
679903
490767
339628
722957
322688
1032745
23821
998370
600594
258350
541194
931819
446718
320032
559123
556666
482288
242080
339613
931241
597717
194108
84292
869802
522919
1007630
101025
355377
560881
523018
751056
665123
1039719
609082
570091
816736
566708
443229
164464
220846
300820
224483
754441
1002754
861199
95419
840360
862012
628010
932738
936568
273836
822978
564964
618894
961131
719893
511278
437463
660287
360
729196
48849
484531
484208
661967
16885
327548
189246
448074
1023178
963485
817679
441475
288590
311086
675709
425047
791385
204899
229188
153744
728698
1035650
780216
141102
508927
21319
345507
433291
709400
954478
260288
175984
818615
391758
401080
210117
84086
648106
516328
78727
85139
639078
653345
437365
625367
228481
862999
430586
799205
46414
638588
336789
584347
65102
687440
819305
714146
363478
430190
240885
830034
382815
836102
481575
397595
399516
976095
889545
516751
86162
820822
749500
939369
623704
77549
153150
186914
185303
293752
505733
555161
874808
12170
235126
917151
407029
187113
789781
609170
736874
1039289
1012812
1029208
881472
914144
428243
657451
664774
857770
381721
78306
379693
245689
987693
255186
915238
416861
873059
978806
434170
653360
319079
1019300
97355
543307
517190
189614
51153
1001047
86434
658220
85917
686608
696527
712591
800252
362926
106578
453972
339282
577948
234539
253114
887740
942097
98986
552767
844910
60815
821349
494840
818072
899147
139653
662769
261901
169208
571398
216210
1030880
77386
331404
930167
642270
173348
273411
211182
612271
321232
813887
230277
818891
810533
747761
1027040
1042524
721951
330653
584403
6521
735736
897375
1015329
905054
282076
759635
359011
449682
383169
722622
489636
965279
204502
536063
878711
678103
159630
342640
580924
482238
765689
225385
981864
550786
112033
788115
606434
913207
410978
70360
193750
107898
959789
419947
996475
397952
438731
469685
166573
23735
304814
905115
106129
720203
741099
871816
770413
146415
704368
362683
375635
819260
135490
970243
366744
786065
308947
13144
467929
332981
153914
940282
955743
497701
85178
874485
811666
392065
636204
221699
240204
590101
20386
497891
341238
9441
26689
798789
843526
296781
154293
1031064
910756
184044
463355
723595
657496
464719
307218
795413
373742
265666
695086
918183
411324
419883
845036
563073
900413
362087
1036462
204433
453093
370196
79905
652911
260571
985728
308144
229459
671907
332764
443558
82145
532807
705146
4054
340246
783745
821149
827061
894714
594888
89510
345358
844907
165064
398805
374622
902484
896454
100934
383372
206435
201082
995056
627523
338753
817516
925317
67595
868889
590835
91897
616764
953380
535802
774466
1018404
503538
893442
455999
182411
1030286
389869
728922
860204
974799
762608
651852
814120
364765
871308
395225
665963
892897
845239
727966
362944
398779
83683
63370
134823
872982
1010440
1030760
487151
297926
326846
128870
8426
844393
727663
246131
893892
797989
905072
452402
56135
194901
761291
9641
742827
426723
414317
883484
890168
187861
891992
567434
565954
881711
67797
416775
132355
668536
445133
192219
497966
460942
792915
411735
618324
490474
310702
598467
554224
670401
545415
844967
28391
900692
656310
435983
1027184
573962
961267
802623
757447
1026015
637854
455781
5806
627848
272412
410736
182380
770844
998498
1019466
877367
1007206
383994
296667
706529
835679
287261
659629
774517
965509
283151
639890
1040209
403676
867980
837190
1019429
827012
14387
97921
243565
13012
932699
470715
155993
517338
4155
511692
587396
708146
474367
640107
379533
645255
623882
95748
670674
460134
521092
299630
61548
858821
521579
654665
500835
456959
132593
971567
109714
166197
798326
380093
858965
93820
194463
428974
845303
836775
779010
832797
771039
524584
978893
295871
627383
353965
126534
860980
638451
826187
343219
585654
928057
943396
154249
146451
703272
503588
317526
403149
146644
610722
104002
209977
27770
481024
879255
26924
192601
542662
521370
240965
457970
1005825
395109
764682
239915
373342
663441
44545
348167
781058
433610
264099
897971
186028
265889
988662
347816
67604
489227
519913
919912
559754
76755
509190
117471
598277
968603
556769
86857
55277
813741
157283
1021257
154780
815849
143914
74980
903031
582948
662748
668489
1045681
54373
852843
348753
816119
948660
1000655
926422
578579
943197
669362
390035
516515
114288
228194
470461
43227
921212
333971
102851
451186
155156
111882
482927
414806
429328
377313
379831
322360
69261
223840
7113
757858
181533
270759
147041
874809
167542
841021
515736
641663
661359
179847
946643
717589
259665
382398
122897
338375
839082
1034178
129422
81832
458318
438700
640497
721046
232943
416911
500682
580781
573658
151436
661455
481459
348147
20332
224705
190813
56043
992020
559034
691644
481566
549904
321085
213728
283092
810902
346449
844065
301279
247992
641079
75604
933800
184921
278359
117263
536286
1041819
611720
214975
1022591
544810
381394
218283
457393
271391
522042
22930
727484
96443
746515
569230
882595
8828
360177
955709
880171
174439
309379
568378
28857
901593
862134
336331
1008619
500339
701474
977189
552993
970339
897249
945590
374481
449913
853406
49736
910948
495194
347418
163577
579987
145654
133291
380477
154548
485638
304304
592956
779574
837292
757095
304685
947907
963786
265912
742585
455923
324768
616281
826135
296603
816338
279551
86600
357832
788088
985177
838813
107067
163915
684355
909860
859848
894246
466497
156018
347411
991134
144419
602210
1031491
337732
744364
577210
861925
996388
321328
359783
879193
782921
234422
561921
673662
541004
956169
559499
43063
1011259
314377
253483
1006685
174918
179829
904238
382161
446994
27225
295782
153297
181935
889611
582545
420489
654710
483160
468865
4699
484344
910507
122828
174262
345222
315459
86404
320779
522302
798208
894078
47666
789013
630388
988886
624665
43945
926698
260602
276721
793516
137967
686353
929067
456331
40566
706005
134833
28696
936881
928866
926054
184962
752961
546730
551896
99039
334837
431483
930677
473887
162999
676964
402281
847073
776302
382958
1001524
172476
850666
572134
533978
179932
906816
164355
561464
424260
631090
591361
139203
91095
331846
829289
446850
166408
823178
743047
311713
788157
901315
47821
257225
383105
392978
31187
37653
935935
911827
638762
70493
582410
900704
641572
576145
139674
695026
764905
898637
589066
183080
531460
553381
904376
756347
318653
833642
1001776
198348
605461
12599
849063
890410
882678
160480
147142
424919
342087
338588
434286
203263
189023
949483
914476
413604
553511
424586
306429
850600
171465
49122
577494
338246
906998
268870
462747
560719
374746
296875
226650
622049
1043171
656433
256771
895836
1035358
664898
434988
60670
925460
472325
435481
225551
391407
806051
412556
96299
718940
613050
719534
467358
74668
155649
316092
734379
221679
564132
60882
745687
815238
614887
606415
1039004
708010
435297
714129
147838
313879
940550
60805
194864
869609
1006731
123032
719066
854593
323452
404844
154126
221212
121893
991623
374046
590780
431151
371336
161548
307889
340107
559086
739653
547795
67356
369877
1046632
352991
436847
273914
663836
620520
601465
298672
136684
778977
107029
567637
598482
70099
718238
254273
319081
743128
755648
736947
219427
974152
619116
165106
880142
852108
48599
999291
294469
255803
980263
1032072
386808
410950
164308
14875
820229
50609
1041369
593307
792756
230944
755001
771723
1000690
829701
358784
213320
683208
291393
299911
989542
926136
817121
226265
1009696
329670
50079
623549
486708
971119
481454
414911
309212
833668
121778
97040
135134
15880
988705
922324
848385
671819
568871
1000104
559915
701507
681496
535719
628937
110144
102905
693839
214225
134861
278202
232921
774662
233084
327161
856630
502021
134176
887709
310588
191981
635503
1016249
1039894
508940
370662
16605
541721
628022
993245
117754
599260
254147
779167
622284
511197
4150
266449
565085
375339
391663
1034642
590124
174242
857692
809867
870549
503781
585839
819562
784172
600227
400047
847486
562605
971712
867894
8688
408897
8574
5195
1023203
897930
630604
304085
70001
102630
243319
640112
462997
624415
710993
96455
480193
910851
1003673
92354
488583
696478
246254
391270
597616
421016
319991
781728
399371
575180
529658
410620
367203
483946
97471
938062
993043
776654
199324
400975
830856
1005978
253739
693982
432526
989798
556577
243673
539252
434500
742188
82793
941556
741257
898769
234428
842351
332800
995579
932995
959571
688125
12848
754497
768399
835259
15466
732350
656594
962380
949990
565333
555388
559508
693549
903275
637203
593945
419533
903398
680368
894001
249905
407578
941651
381380
275179
519986
477224
97088
94711
833106
940563
544184
356326
793781
584754
257193
595477
816383
653390
638846
341260
275564
994855
713688
378588
71053
978707
192141
462590
520277
944712
785392
806170
780926
182866
516986
888603
648858
397431
765558
776262
351709
647483
330163
227323
770010
583078
329165
148212
117385
963047
437848
833171
303340
66870
652373
897258
388825
805323
926909
543501
619557
926319
830112
952713
548909
162967
954817
607992
364529
688448
378576
351794
411238
906883
1001320
536764
224771
624122
404004
276733
959966
337760
291703
408709
307507
23866
452142
219158
82605
127266
272711
77201
199741
808760
935932
306107
454468
498181
817633
520463
945191
874204
408525
146046
935525
537348
314555
882202
708319
771195
759859
852140
24869
25310
541222
975980
414268
565574
395939
746761
967057
694895
857551
245722
340108
509820
975892
74398
533091
39569
937105
1016281
623360
684960
287288
220330
498271
1033840
214421
624732
992015
117574
813822
609264
283195
239705
781058
750223
307229
582192
588301
288393
52422
254151
435605
1047492
643692
575790
806119
983186
850512
244961
290694
75179
86271
576568
260400
662433
876693
686776
755404
163095
662828
25542
416619
154902
1003510
277230
355335
1036302
667490
267003
901652
349563
180961
635841
807765
875479
1008600
609740
99452
783592
107440
102535
246875
1025575
1046702
568054
104870
968829
1031390
168996
647627
135542
836853
644018
602925
718187
667117
683129
825414
618016
895431
980741
354858
441985
974090
389519
163303
230320
617872
205747
526413
1006383
955979
566085
346048
897967
905791
756636
599019
894761
112280
211767
250263
982832
958078
771499
142524
804718
826185
712348
464472
976155
444136
677653
569154
203514
296905
822522
574852
201481
109136
553467
224052
761455
108121
185514
59640
829041
981363
318246
900034
225952
288852
146666
722428
289044
164145
832813
910594
16655
763135
700298
516699
801571
11206
857350
419506
991509
754176
608478
353256
902717
686496
1010111
145877
584139
1029281
283192
487741
397741
728497
979422
553709
114520
507876
932524
16614
992058
27571
300205
532622
189412
588004
975686
903785
508956
770753
236409
187302
667848
7511
827297
935253
816115
89757
562731
525524
924282
663939
61828
807095
995922
505512
796709
940609
582063
637223
628653
714643
805695
776497
251159
860301
304602
661933
926440
399683
764179
284280
606750
75070
371809
94257
310098
200303
706122
781810
604480
497921
301136
89573
498537
936148
267052
371811
886388
629869
151528
256943
512268
259031
64316
273212
8756
497197
957511