582065
676610
976847
114264
475355
724601
417865
911432
374798
952771
517506
1019010
20591
492421
360871
465944
165616
79163
470511
820336
890700
245224
830798
1014428
213254
62938
974913
822636
797383
539000
683725
691116
392918
656553
466478
984496
501548
105566
974959
606130
142945
1036835
543781
341600
23048
593363
299604
176038
778244
286032
658589
48207
381973
804561
392543
568683
397981
585405
169099
1036900
446954
727372
578566
344277
992186
491407
935352
186730
643137
254122
416194
406469
452667
597589
920598
818668
754227
86914
720878
735990
133422
970722
499647
987247
237561
162538
873279
823262
242937
433794
249444
679582
608307
324955
673405
932067
517735
70588
807803
328420
311008
381695
46604
920132
874906
794110
427032
324658
395432
579612
1002989
1039903
205081
1046048
347953
73447
906813
959259
620191
949702
909426
699938
454095
790646
707083
59874
524253
802137
716558
119294
323814
67453
625058
406398
558986
159734
321865
933098
81853
800075
633870
996686
840495
456554
84819
627085
196877
200753
342826
489537
595056
434212
886424
588191
559840
357090
845828
165956
316170
363349
842527
910485
94335
215105
798673
232337
688981
485925
560391
1039475
843377
197907
752201
463072
228251
842304
871274
114505
348998
80727
247163
9903
600202
738611
699759
166210
792764
74685
41659
608705
196849
289371
180711
34493
946524
625912
86831
688894
1002819
727974
475661
877356
415690
970640
762884
243350
948779
941812
829706
525075
608653
123251
483612
589630
643538
138313
868071
646578
7065
600390
262917
248242
807870
213552
328763
1030797
114400
523299
250547
256207
430930
580136
743483
605213
223734
950774
599477
699587
6191
797143
6781
869275
65551
166315
898657
758754
620331
844228
915613
394959
289667
218468
208212
403130
394136
111916
186047
800638
1042973
29573
710039
194274
792993
992198
191528
239662
58274
169252
562758
584660
322089
820999
313631
884982
41905
936329
599974
214944
430055
458620
407259
110188
932663
615161
226878
766061
159052
67169
557121
10606
393580
870919
87171
110124
814530
180611
109580
909505
748780
467912
394223
83211
261971
966960
359645
81741
366366
773832
157736
897092
27487
810801
13038
9
142274
333155
123285
823675
180211
270087
990931
48620
53843
15872
678611
447748
413934
889502
488465
248007
530933
905296
114357
832455
381885
10904
202362
531231
477146
549423
648914
429680
837131
758321
5591
452616
835585
5979
498167
20673
383532
261157
255329
90895
1036821
618014
345110
483653
580045
829191
282476
836588
44274
83744
1036426
669491
118107
806603
941179
323069
74100
46468
384799
667323
646057
341045
94064
967880
960424
542106
675763
257043
23977
879955
316337
704570
896619
634355
967696
772008
350317
527232
630527
1002237
510519
436851
59436
634347
72781
250045
715090
268943
26109
8156
926440
514831
318892
197872
656016
516952
158176
471417
598869
990492
513695
589354
578033
644831
32179
971150
354333
300719
855364
814231
63269
730672
538729
809200
1014148
643418
154658
141309
612790
459095
948159
461206
155992
110587
662513
310462
245929
238380
687646
713
476305
757154
732845
733330
539441
811180
223090
716126
324175
548804
850192
262297
812668
284850
589870
532817
143117
393759
671538
943137
1044975
832032
178373
155753
761909
193885
133515
738348
446930
893774
763906
937208
428095
600998
449640
964264
859138
165490
497435
421703
212740
500330
728289
249240
763560
798356
172955
559209
586942
166722
384188
141158
640187
44672
400001
574263
522407
241813
587024
1030455
1047558
252751
849810
444187
280793
464169
662008
182968