1048299
1048259
1047988
1047956
1047712
1047344
1046956
1046810
1046545
1046332
1046194
1046159
1046026
1045908
1045812
1045804
1045738
1045698
1045675
1045646
1045581
1045578
1045553
1045390
1045371
1045291
1045249
1045233
1045147
1045137
1045134
1045132
1045093
1044935
1044496
1044448
1044436
1044352
1044315
1044092
1043852
1043817
1043810
1043470
1043403
1043289
1043089
1042909
1042798
1042693
1042542
1042483
1042440
1042435
1042179
1042156
1041865
1041618
1041416
1041201
1040932
1040730
1040684
1040654
1040602
1040598
1040577
1040441
1040435
1040412
1040313
1040309
1040271
1040257
1040236
1040166
1040142
1040136
1040077
1040006
1039926
1039633
1038800
1038321
1038235
1038201
1037485
1037472
1037305
1037249
1037201
1037016
1036976
1036855
1036822
1036820
1036800
1036596
1036538
1036338
1036325
1036314
1035928
1035816
1035665
1035549
1034291
1034229
1033971
1033897
1033744
1033742
1033662
1033656
1033259
1033010
1032901
1032883
1032590
1032350
1032311
1031687
1031553
1031462
1031220
1031165
1031029
1030979
1030814
1030794
1030792
1030580
1030496
1030417
1030297
1030129
1029978
1029811
1029721
1029575
1029436
1029422
1029268
1029237
1029044
1028732
1028621
1028568
1028513
1028512
1028427
1028339
1028310
1028255
1028013
1027986
1027859
1027830
1027532
1027525
1027445
1027414
1027303
1027291
1027258
1027005
1026523
1026504
1026284
1026204
1026054
1026014
1025974
1025922
1025922
1025913
1025391
1025175
1024953
1024636
1024490
1024408
1024271
1024147
1023828
1023651
1023616
1023546
1023502
1023382
1023325
1023073
1023071
1022860
1022600
1022597
1022595
1022510
1022503
1022301
1022147
1022138
1021963
1021948
1021698
1021663
1021429
1021269
1021174
1020883
1020730
1020528
1020511
1020494
1020409
1020204
1020023
1019649
1019579
1019457
1019344
1019255
1019225
1019079
1019058
1018970
1018897
1018822
1018814
1018717
1018609
1018602
1018602
1018503
1018161
1017989
1017969
1017956
1017846
1017549
1017321
1017168
1016746
1016732
1016729
1016654
1016625
1016567
1016460
1016317
1016296
1016185
1016149
1016126
1016073
1016066
1015935
1015866
1015771
1015730
1015585
1015576
1015483
1015411
1015329
1015320
1014943
1014835
1014659
1014353
1014028
1013949
1013886
1013846
1013689
1013196
1013131
1013107
1012745
1012655
1012620
1012548
1012507
1012500
1012434
1012412
1012355
1012282
1012145
1011895
1011865
1011717
1011566
1011557
1011459
1011312
1011106
1010789
1010715
1010302
1010301
1010197
1010192
1010191
1010120
1010052
1009965
1009905
1009808
1009699
1009587
1009493
1009320
1009235
1009202
1009103
1009053
1008914
1008879
1008851
1008543
1008517
1008274
1008151
1007946
1007423
1007403
1007172
1007106
1007002
1006852
1006735
1006705
1006457
1006067
1005954
1005915
1005731
1005716
1005694
1005509
1005320
1005318
1005297
1005180
1005045
1004992
1004744
1004603
1004499
1004420
1004016
1003951
1003839
1003736
1003639
1003465
1003411
1003327
1003247
1002900
1002820
1002584
1002565
1002468
1002367
1002284
1002240
1002138
1001970
1001850
1001796
1001736
1001707
1001495
1001232
1001193
1000998
1000995
1000973
1000973
1000568
1000568
1000457
1000405
1000179
999992
999924
999858
999724
999641
999630
999496
999362
999339
999309
998964
998797
998774
998763
998603
998567
998449
998365
998203
998106
997996
997985
997917
997904
997853
997844
997627
997579
997535
997377
997174
996903
996718
996231
996106
996094
996032
995832
995799
995498
995413
995395
995347
995161
995089
995063
994918
994679
994612
994484
994422
993931
993913
993617
993479
993417
993354
993332
993280
993247
993139
993001
992977
992922
992773
992527
992464
992430
992290
992092
991969
991752
991678
991669
991650
991433
991154
991060
991059
990935
990840
990821
990784
990619
990445
990432
990325
990017
989855
989724
989552
989489
989373
989195
988992
988961
988870
988822
988676
988513
988445
988375
988366
987893
987461
987326
987320
987205
986435
986421
986310
986253
986202
986129
986123
986072
986046
986021
985943
985877
985835
985617
985548
985536
985469
985209
985153
985133
984609
984571
984548
984491
984252
984211
984111
984014
983885
983854
983782
983759
983697
983624
983557
983473
983330
983321
983316
983256
983235
983090
982785
982672
982605
982563
982543
982487
982476
982458
982198
982126
982058
981929
981653
981516
981418
981246
981222
981007
980985
980743
980652
980521
980112
980081
980073
980038
980028
979836
979763
979635
979495
979485
979294
979185
979085
978952
978511
978412
978225
978210
978105
977848
977595
977442
977370
977271
976911
976768
976607
976364
975960
975868
975817
975790
975735
975666
975548
975221
975218
975053
974795
974766
974625
974419
973986
973907
973696
973549
973422
973314
973297
973240
972993
972954
972414
972295
972013
971628
971610
971503
971454
971435
970933
970932
970778
970730
970722
970683
970359
970095
969966
969907
969598
969337
969164
969131
969096
968904
968892
968782
968729
968715
968621
968412
968341
968092
967587
967463
967450
967211
967209
966443
966438
966340
966155
965829
965769
965713
965695
965693
965662
965579
965453
965428
965406
965207
965073
965054
965011
964886
964862
964833
964809
964704
964382
964310
964186
964093
964017
964006
964004
963870
963799
963659
963643
963605
963546
963468
963227
963211
963109
963073
963060
962866
962725
962673
962658
962628
962530
962384
962144
962104
961973
961718
961668
961565
961407
961271
961061
960942
960888
960736
960675
960586
960486
960403
960207
960150
959974
959790
959789
959663
959596
959550
959542
959315
959256
959248
959142
958901
958779
958749
958657
958349
958215
958046
957998
957998
957895
957880
957750
957711
957597
957561
957348
956888
956821
956798
956743
956560
956429
956071
955979
955457
955378
955231
955154
955122
955051
954551
954447
954439
954310
954098
954053
954051
953955
953802
953798
953555
953505
953457
953455
953360
953242
953106
952892
952868
952805
952633
952610
952104
952083
951372
951365
951292
951268
950877
950854
950752
950558
950427
950396
950328
949472
949365
949314
949126
949105
948579
948536
948520
948470
948415
948360
948294
948281
948183
947927
947877
947747
947743
947709
947577
947369
947363
947279
947143
947134
947129
947080
946891
946838
946700
946585
946467
946399
946399
945952
945824
945359
945290
945242
945040
944942
944875
944690
944545
944441
944334
944303
944285
944015
943999
943877
943692
943508
943506
943505
943429
943040
942920
942718
942565
942246
942013
941997
941896
941809
941783
941770
941567
941373
941197
941146
941132
941129
940905
940595
940531
940080
939921
939755
939547
939371
939292
938904
938870
938725
938600
938334
938174
937902
937762
937742
937617
937597
937457
937403
937243
937215
937066
936971
936900
936578
936535
936435
936424
936383
936324
936259
935792
935733
935505
935497
935399
935117
934993
934957
934764
934715
934624
934581
934471
934321
934281
934252
934159
933908
933881
933585
933493
933187
933036
933009
932978
932714
932423
932284
932024
932015
931585
931509
931448
931428
931314
931213
931206
930843
929960
929890
929783
929572
929493
929448
929224
929221
929209
928933
928708
928569
928413
928374
928362
928308
928145
928008
927842
927729
927537
927482
927443
927076
926965
926855
926693
926293
925971
925826
925773
925406
925185
924984
924536
924501
924421
924197
924050
923529
923434
923398
923346
923194
923169
923059
922808
922180
921593
921558
921417
921318
921256
920815
920794
920593
920589
920451
920394
920270
920215
920214
920191
920048
920007
919970
919792
919396
919339
918826
918662
918470
918275
918224
917713
917644
917625
917475
917396
917129
916996
916964
916885
916781
916779
916774
916365
916304
916281
916158
916158
916109
915997
915843
915773
915641
915584
915403
915362
915317
915296
915246
915140
915048
914749
914518
914392
914319
914307
914253
914236
914219
914081
914066
913841
913820
913800
913576
913538
913483
913386
913124
913072
912733
912570
912389
912296
912244
912236
912086
911993
911789
911713
911704
911648
911558
911554
911532
911501
911284
911241
911237
911020
910908
910843
910839
910815
910740
910684
910647
910525
910407
910275
910238
910229
910179
909515
909497
909405
909390
909274
909112
908916
908817
908439
908339
908265
908231
908022
907394
907301
907246
906968
906924
906855
906794
906784
906649
906489
906420
906384
906314
906228
906150
906148
905891
905887
905237
905208
905193
905143
905137
905117
905033
905026
905010
904987
904980
904691
904607
904185
904030
903933
903811
903676
903119
903058
903024
903023
902471
902441
902340
902080
901971
901961
901863
901592
901509
901478
901153
900991
900975
900975
900899
900853
900851
900649
900598
900524
900509
900386
900078
900030
899887
899874
899679
899552
899475
899317
899311
899156
899138
898658
898625
898608
898209
898134
898101
898085
898050
898032
897624
897238
897100
897027
896881
896868
896572
896282
896259
895599
895363
895256
895160
895068
895037
895029
894980
894870
894831
894597
894483
894345
894190
894151
894130
893965
893920
893835
893780
893766
893353
893295
893014
892736
892616
892585
892419
892327
892248
892238
892183
891698
891494
891403
891354
891294
891197
891179
891069
890751
890743
890647
890491
890445
890038
889957
889867
889843
889635
889569
889262
889058
889054
888996
888951
888822
888672
888615
888602
888319
888269
888202
888138
888086
887959
887948
887920
887912
887710
887368
887207
887193
886878
886804
886647
886498
886411
886292
886121
885910
885840
885824
885788
885676
885605
885583
885517
885320
885292
885245
884999
884938
884900
884862
884850
884741
884584
884487
884460
884303
884200
884138
883795
883790
883751
883426
883402
883262
883052
882858
882645
882503
882492
882448
882346
882321
882224
881906
881847
881830
881699
881639
881480
881432
881408
881155
881131
880752
880512
880504
880448
880329
880131
880128
880075
880071
879701
879701
879635
879594
879445
879367
879360
878974
878347
878159
877854
877782
877753
877724
877672
877389
877243
876915
876855
876837
876787
876134
876076
875408
875255
875238
875115
875022
874946
874931
874818
874613
874510
874158
874158
874154
873876
873460
873453
873433
873412
873323
873190
872998
872819
872497
872462
872416
872143
871848
871336
871270
870968
870545
870524
870373
870284
870233
870196
870051
869939
869935
869618
869596
869530
869313
869307
869283
869227
868891
868727
868710
868673
867826
867809
867639
867566
867472
867394
867347
867034
866906
866904
866856
866628
866573
866538
866454
866197
866080
865991
865908
865576
865573
865550
864730
864700
864644
864542
864488
864389
864368
864358
864093
863954
863712
863627
863550
863426
863303
863299
863162
863154
863063
862964
862859
862805
862626
862602
862504
862089
861975
861945
861793
861250
861098
860868
860866
860856
860592
860540
860107
859945
859830
859648
859608
859497
859446
859430
859388
859307
859119
859021
858877
858738
858365
858357
858214
858038
857979
857773
857771
857700
857668
857513
857452
857175
856803
856591
856431
856354
856105
856042
855822
855760
855742
855599
855387
855274
855226
855190
855163
854851
854715
854511
854499
854301
854160
854027
853992
852907
852673
852539
851886
851829
851799
851642
851517
851491
851487
851477
851469
851468
851465
851285
851249
850969
850932
850905
850756
850692
850629
850504
850359
850228
850178
850101
850014
849957
849954
849693
849534
849260
849257
849088
849059
848930
848929
848805
848687
848538
848453
848424
848217
848154
847972
847852
847847
847826
847757
847731
847685
847234
847163
847091
847039
847025
846985
846809
846763
846687
846649
846612
846493
846348
846336
846333
845914
845748
845731
845629
845594
845522
845509
845348
845268
844974
844960
844445
844387
844243
844213
844173
843932
843682
843680
843567
843495
843376
843343
843244
843138
843130
843040
842669
842469
842455
842453
842409
842341
842307
842210
842037
841915
841914
841535
841482
841147
840993
840901
840778
840763
840737
840691
840441
840321
840139
839988
839987
839942
839760
839521
839158
839149
839013
838851
838331
838254
838161
837899
837628
837337
837326
837316
837278
837235
837199
836933
836816
836786
836700
836535
836394
835933
835822
835570
835494
835424
835214
835190
835006
834631
834441
834410
834353
834307
834194
834153
833969
833415
833411
833369
833108
833009
832987
832606
832306
832116
832064
831553
831372
830999
830943
830860
830804
830435
830359
830322
830315
830269
830203
830027
829968
829910
829699
829652
829547
829182
829032
829003
828938
828913
828745
828688
828637
828252
828181
828129
828084
828066
827916
827834
827234
827082
826926
826923
826835
826763
826638
826447
826406
826202
826185
825952
825760
825611
825382
825288
825259
825136
825084
825012
824916
824804
824747
824566
824364
824304
824287
824256
823971
823933
823645
823519
823337
823089
823014
822750
822732
822698
822415
822414
822083
822006
821990
821927
821879
821787
821620
821594
821546
821514
821486
821452
821216
821212
820984
820945
820914
820518
819940
819919
819406
819255
818909
818768
818642
818116
817961
817632
817546
817501
817251
817142
817106
816982
816836
816327
816180
815888
815688
815234
815186
815068
815043
815041
814897
814812
814659
814367
814155
814142
814057
814018
813865
813582
813502
813258
812941
812888
812858
812727
812651
812395
812087
812050
812043
811759
811719
811533
811464
811378
811266
811136
811095
810947
810936
810623
810595
810439
810407
810307
810038
810025
809797
809675
809591
809045
808977
808910
808909
808884
808523
808364
808105
808039
807898
807621
807308
807293
807151
807070
807036
806937
806916
806802
806699
806474
806446
806139
805967
805850
805793
805706
805352
805333
805243
805227
805115
805099
805032
804623
804371
803876
803804
803790
803650
803394
803166
802921
802903
802666
802636
802616
802491
802395
802366
802336
802274
802166
802157
801566
800478
800454
800232
800216
800081
799983
799901
799897
799862
799843
799783
799338
799212
798924
798883
798864
798682
798620
798540
798535
798374
798079
797833
797205
797125
797050
796937
796767
796408
796249
796209
796032
795827
795428
795172
795116
795038
794796
794536
794506
794476
794443
794163
794142
794054
793966
793862
793852
793308
792736
792632
792512
792405
792364
792313
792262
791978
791921
791902
791750
791310
791245
791160
791062
790855
790704
790672
790283
790043
789833
789742
789734
789666
789635
789388
789304
789116
788969
788787
788745
788667
788541
788415
788400
788362
788017
787964
787776
787694
787472
787461
787193
787148
786887
786875
786785
786639
786218
786157
785795
785682
785493
785362
785229
785090
785057
784891
784742
784635
784589
784528
784442
784429
784082
784048
784030
783930
783672
783567
783524
783484
783423
783182
783131
782950
782872
782837
782758
782424
782349
782175
782153
782008
781975
781820
781713
781538
781418
781390
781365
781365
781357
781337
781139
780784
780782
780779
780724
780588
780571
780537
780446
780419
780214
780041
779966
779904
779613
778811
778685
778577
778558
778472
778221
778170
778088
777877
777876
777843
777800
777713
777661
777439
777236
777059
776958
776844
776671
776617
776458
776036
775995
775700
775469
775441
775437
775156
774802
774794
774744
774393
774389
774367
774294
773981
773686
773511
773497
773471
773452
773322
773214
773082
772912
772814
772783
772438
772373
772326
772245
772208
772198
772073
771860
771712
771668
771554
771240
771234
770965
770907
770598
770386
770378
770269
770149
769739
769692
769503
769452
769218
769196
769185
769143
768830
768733
768690
768218
768073
767944
767782
767560
767525
767515
767213
767169
767129
767128
767121
766845
766668
766586
766376
766248
766199
766134
766094
766074
765971
765715
765684
765597
765586
765530
765395
765070
765028
764921
764731
764711
764670
764553
764495
764394
764387
764194
764090
764053
763768
763648
763403
763327
763325
762889
762856
762707
762357
762148
761975
761964
761861
761844
761823
761563
761527
761493
761467
761440
761348
761345
761330
761229
761187
761163
760982
760902
760847
760535
760484
760463
760374
760096
760074
760013
759989
759822
759661
759323
759185
758762
758662
758292
758274
757841
757750
757643
757621
757602
757450
757418
757323
757032
757017
756979
756890
756879
756839
756803
756798
756787
756681
756658
756622
756539
756461
756193
756092
755814
755790
755613
755534
755516
755479
755247
754242
754151
753676
753631
753564
753176
753106
753098
753080
753015
753001
752645
752526
752444
752404
752382
752109
752066
751805
751732
751650
751616
751261
751261
750968
750705
750677
750633
750615
750527
750171
749978
749723
749528
749427
749417
749409
749241
748959
748887
748860
748843
748633
748570
748445
748340
748224
747904
747619
747485
747409
747405
747379
747367
747239
747101
747014
746934
746922
746832
746708
746697
746634
746553
746413
746393
746056
746041
746031
745637
745552
745342
744999
744883
744431
744413
744408
744371
744302
744278
744165
743745
743708
743281
742935
742536
742182
742181
741661
741589
741551
741500
741446
741079
741070
740904
740808
740701
740150
740026
739972
739893
739616
739561
739289
739155
739088
739075
739056
738803
738524
738437
738267
738123
737956
737723
737700
737276
737259
737159
737054
736989
736949
736945
736405
736343
736138
735988
735916
735820
735790
735654
735614
735565
735527
735423
735014
735007
734992
734989
734807
734710
734460
734331
734280
734255
734212
734051
733584
733572
733513
733505
733437
733411
733348
733332
733291
733282
733274
733253
733028
732700
732584
732413
732375
732265
732204
732166
732032
731617
731538
731380
731378
731367
731303
731302
731185
731158
731039
730953
730937
730607
730499
730363
730310
730303
730136
730133
729969
729953
729814
729442
729436
729369
729349
729341
729321
729068
728910
728812
728720
728471
728391
728250
728194
728173
727889
727765
727638
727466
727386
727372
727364
727342
727310
727173
727114
727108
727064
727037
726865
726826
726706
726365
726361
726333
726203
726090
726015
725365
725136
725089
724890
724839
724560
724511
724469
724343
724314
724252
724129
723982
723961
723921
723702
723569
723569
723542
723431
723346
723340
723278
723216
723137
722959
722681
722596
722492
722399
722230
722200
722197
722152
722101
722030
721835
721730
721465
721453
721380
721364
721359
721330
721182
720849
720780
720637
720519
720324
719777
719768
719761
719734
719715
719558
719543
719517
719285
719264
719202
719055
718929
718629
718618
718073
717962
717879
717514
717476
717440
717387
717293
717206
717181
717172
717161
717044
716798
716787
716681
716641
716306
716044
715950
715812
715809
715349
715031
714785
714753
714378
713847
713757
713735
713614
713590
713562
713499
713285
713269
713180
713002
712947
712640
712565
712552
712547
712512
712391
712164
712143
711669
711397
711297
711022
710961
710947
710796
710701
710666
710506
710416
710204
710033
710004
709996
709712
709532
709446
709265
709175
708828
708779
708778
708611
708572
708515
708496
708443
708226
708176
708166
708123
708073
707966
707833
707728
707661
707562
707270
707252
707124
707027
706877
706850
706839
706566
706549
706495
706312
706270
706265
706258
705762
705685
705639
705415
705386
705241
705006
704721
704022
703919
703801
703675
703624
703618
703611
703454
703340
703195
703181
703136
703088
703087
702965
702928
702898
702879
702669
702503
702363
702340
702221
702169
702070
702027
701999
701916
701671
701649
701587
701479
701387
701363
701252
701108
701061
700962
700911
700864
700861
700730
700594
700371
700339
700102
699991
699899
699727
699706
699540
699434
699298
699144
699092
699090
699010
698970
698859
698743
698417
698378
698140
698033
697857
697761
697711
697687
697661
697586
697505
697033
696990
696943
696847
696799
696544
696182
695973
695918
695768
695743
695645
695467
695329
695283
695283
695041
694686
694616
694532
694461
694414
694401
694283
694168
694060
693932
693810
693803
693727
693725
693532
693528
693525
693483
693092
692942
692793
692764
692671
692635
692602
692329
692234
692230
691952
691890
691819
691668
691651
691518
691381
691139
691102
690836
690424
690369
690217
690191
690109
689571
689135
689127
688785
688774
688680
688588
688245
688222
687986
687938
687807
687773
687748
687603
687485
687319
687229
687211
687107
687007
686947
686690
686614
686524
686514
686364
685963
685891
685767
685585
685582
685546
685513
685290
684917
684824
684754
684749
684735
684341
684125
683990
683903
683780
683768
683668
683457
683449
683404
682696
682505
682482
682451
682358
682344
682343
682206
682161
682114
681925
681555
681401
681125
681012
680928
680804
680292
680188
680146
679998
679981
679807
679727
679411
679350
679249
679147
679117
679086
678854
678632
678369
678292
678151
677964
677883
677856
677833
677708
677688
677250
677093
677008
676985
676764
676746
676670
676545
676524
676001
675970
675880
675611
675553
675399
675336
675294
674946
674920
674699
674606
674508
674489
674152
674148
673962
673960
672953
672706
672675
672657
672566
672327
672302
671896
671794
671730
671690
671659
671646
671516
671510
670886
670722
670651
670623
670338
670143
670037
669646
669605
669543
669468
669437
669144
669101
669088
668786
668712
668574
668509
668461
668387
668309
668273
668202
668155
668035
667939
667928
667855
667817
667811
667593
667520
667468
667427
667328
667140
667017
666968
666803
666651
666629
666617
666525
666487
666330
666144
665856
665843
665170
665021
664967
664902
664566
664523
664378
664257
664221
664079
663992
663675
663630
663583
663225
663133
662966
662888
662427
662408
662393
661891
661800
661773
661641
661362
661223
661206
661127
661061
660781
660477
660388
660305
660127
660047
659987
659956
659805
659800
659697
659670
659407
659066
658932
658790
658681
658665
658367
658143
658093
658070
657823
657527
657497
657418
657393
657176
657156
657091
656883
656705
656649
656257
656140
656124
656001
655517
655512
655485
655071
655061
655010
654970
654877
654585
654566
654488
654409
654354
654306
654172
653492
653402
653377
653354
653210
652984
652678
652599
652582
652536
652096
652040
651957
651820
651744
651730
651570
651502
651440
651405
651390
650814
650572
650496
650287
650260
649986
649838
649822
649559
649558
649552
649544
649539
649497
649204
649186
648880
648442
648397
647761
647252
647232
647032
647029
646906
646795
646783
646754
646525
646513
646395
646326
646242
645965
645884
645869
645577
645360
645082
644897
644778
644765
644710
644548
644343
644282
644174
644075
643923
643754
643741
643549
643535
643507
643243
643050
642696
642508
642439
642398
642235
641887
641753
641711
641694
641565
641366
641352
641074
640931
640659
640325
640240
640020
640006
639904
639586
639515
639386
639296
639147
638904
638902
638703
638641
638511
638492
638483
638453
638428
638406
638225
638192
638049
637968
637905
637897
637177
637080
636206
636205
636130
635953
635684
635621
635414
635296
635060
634988
634897
634866
634810
634626
634217
634142
634003
633986
633773
633557
633405
633064
632619
632604
632492
632352
632265
632153
632092
632054
632050
631870
631685
631372
631125
631107
631089
630993
630974
630790
630756
630466
630085
629812
629554
629436
629253
629001
628986
628722
628708
628480
628244
627970
627960
627604
627312
627088
626910
626585
626557
626442
626401
626261
626100
626038
625929
625907
625825
625765
625524
625383
625277
625164
625038
624993
624926
624845
624784
624640
624560
624482
624359
624347
624337
624301
623782
623543
623072
623035
623022
622975
622859
622728
622672
622531
622420
622411
622284
622265
622244
621597
621482
621391
621362
621285
621212
621178
621153
620934
620662
620544
620502
620367
619992
619805
619564
619509
619465
619246
619204
619097
618982
618730
618501
618475
618274
618248
618165
618110
617908
617898
617782
617765
617651
617528
617444
617303
617289
617185
617085
617039
616844
616751
616605
616602
616521
615979
615697
615578
615548
615502
615307
615287
614961
614726
614685
614575
614311
614213
614164
614032
613794
613749
613708
613547
613478
613359
613195
613188
613086
613020
612884
612856
612731
612548
612038
611954
611792
611725
611665
611574
611498
611461
611364
611283
611021
610935
610871
610597
610593
610470
610439
610435
610114
609953
609941
609824
609714
609676
609525
609477
609373
609352
609308
609256
609214
609200
609178
609142
608905
608772
608607
608340
608156
607967
607896
607826
607626
607581
607548
607496
607454
607441
607430
607330
607268
607026
606902
606823
606809
606727
606674
606415
606171
606167
606078
605826
605699
605293
604871
604486
603826
603651
603485
603457
603314
603227
603155
603116
602867
602796
602760
602608
602292
602267
602121
601995
601634
601584
601552
601278
601264
601234
601131
601127
601127
601118
600823
600681
600548
600490
600406
600230
600213
600172
600136
600022
599887
599767
599733
599675
599400
599370
599286
599128
599086
599016
598941
598682
598614
598584
598484
598471
598386
598244
598206
598122
598048
597642
597028
597022
596966
596754
596428
596121
596038
595838
595738
595710
595634
595614
595554
595542
595093
594874
594865
594536
594445
594363
594275
594258
594173
594044
593938
593911
593888
593882
593769
593578
593440
593324
592912
592910
592801
592669
592585
592475
592246
592145
591996
591389
591386
591356
591317
591200
590860
590622
590527
590191
590079
590000
589789
589710
589673
589600
589512
589478
589442
589383
589288
589283
589134
589106
589058
589043
589006
588922
588905
588436
588329
588135
588064
588045
588020
587634
587465
587428
587345
587271
587198
587115
587104
587032
586953
586953
586761
586537
586331
586150
586054
586023
586011
585974
585933
585846
585424
585220
585193
584932
584886
584588
584505
584470
584228
583908
583904
583858
583633
583546
583476
583379
583356
583181
583125
583114
583105
583046
583042
582961
582861
582704
582695
582485
582482
582441
582255
582099
581986
581855
581656
581452
581305
581291
581169
581083
581003
580885
580856
580547
580485
579952
579869
579767
579746
579706
579684
579677
579351
579219
579161
579090
579075
579055
579044
579033
578988
578931
578827
578810
578804
578724
578648
578647
578627
578604
578592
578447
578182
577963
577836
577833
577731
577727
577725
577639
577576
577521
577388
577160
577042
576973
576949
576857
576724
576374
576345
576195
576106
576003
575933
575841
575793
575736
575421
575282
575250
574990
574325
574089
573956
573918
573912
573886
573818
573762
573758
573664
573481
573475
573383
573372
573187
573032
573019
572845
572688
572656
572643
572480
572479
572437
572396
572324
572270
572145
571888
571774
571762
571665
571425
571247
570869
570841
570763
570624
570576
570346
570243
570032
570018
569607
569580
569476
569301
569262
569057
568939
568850
568815
568306
568173
567708
567653
567636
567225
567153
567053
567050
567029
566980
566948
566939
566520
566320
566317
566259
566113
565925
565805
565759
565689
565603
565464
565454
565149
565117
565115
564640
564513
564507
564496
564428
564320
564034
563964
563937
563865
563733
563682
563658
563498
563326
563197
563156
563110
563062
562974
562918
562576
562521
562404
562374
562169
561964
561964
561867
561549
561338
560944
560744
560727
560614
560606
560470
560301
560149
559978
559929
559605
559213
559193
558988
558973
558791
558742
558718
558624
558557
558417
558183
558139
558119
558076
557957
557883
557838
557747
557263
557213
557116
557022
556869
556813
556464
556296
556173
556130
555991
555991
555937
555904
555795
555515
555479
555447
555359
555344
555320
555309
555211
555033
554900
554836
554657
554599
554509
554396
554360
554323
553996
553980
553963
553940
553770
553578
553424
553288
553155
553144
553051
552984
552829
552825
552601
552419
552312
551971
551677
551618
551113
550917
550824
550768
550623
550622
550565
550487
550401
550382
550310
549756
549654
549310
549294
549078
548748
548434
548427
547893
547782
547750
547742
547728
547652
547459
547241
547107
546943
546827
546649
546591
546586
546511
546483
546439
546335
546142
546090
545910
545793
545694
545628
545573
545519
545357
545115
544997
544953
544935
544683
544628
544575
544173
544160
544148
544072
543950
543910
543843
543623
543532
543431
543332
543254
543126
542763
542738
542618
542617
542351
542266
542189
542146
542100
542020
541849
541809
541774
541711
541539
541439
540767
540712
540439
540397
540080
540046
540023
539800
539796
539611
539494
539306
539078
538917
538799
538799
538677
538675
538649
538464
538323
538318
538300
538247
538047
537553
537489
537293
537261
537206
537145
537098
536783
536715
536603
536562
535946
535922
535685
535548
535384
535215
535212
534894
534867
534438
534388
534309
534142
534136
534085
534051
533437
533348
533104
532470
532410
532324
532159
531969
531870
531791
531766
531563
531380
531369
531369
531258
531187
531169
531164
531125
531054
531032
530780
530691
530652
530593
530592
530575
530250
530066
529847
529829
529816
529805
529775
529690
529647
529592
529256
529086
528902
528878
528865
528616
528537
528262
528003
527871
527868
527526
527400
527374
527360
527148
527098
527043
526978
526858
526760
526753
526729
526623
526580
526411
525892
525572
525376
524849
524697
524519
524322
524106
523391
523075
522989
522908
522825
522575
522560
522536
522476
522421
522281
522135
522094
522053
521967
521814
521774
521634
521405
521393
521089
520965
520910
520883
520716
520713
520606
520387
520277
520237
520208
520131
519733
519671
519527
519506
519399
519254
519091
518911
518821
518741
518637
518447
518441
518270
518048
518027
517744
517709
517415
517373
517321
517319
517269
517222
517106
517019
516974
516827
516761
516691
516687
516454
516307
516152
516036
516015
515460
515343
515149
515125
515118
515111
515076
515040
514940
514706
514266
513980
513870
513754
513616
513559
513509
513386
513250
513237
513203
513198
513191
513066
512989
512982
512818
512373
512325
512049
511996
511882
511827
511712
511601
511560
511397
511289
511200
510868
510759
510557
510514
509961
509865
509843
509830
509774
509555
509532
509500
509483
509469
509358
509341
509226
509215
509209
509208
509036
508993
508661
508446
508437
508337
508286
508250
507993
507917
507823
507773
507420
507344
507268
507240
507155
507080
507075
507069
507003
506645
506622
506530
506370
506285
506078
505995
505985
505773
505622
505424
505366
505319
505193
504921
504890
504850
504309
504000
503947
503626
503584
503486
503458
503388
503241
503177
502872
502776
502769
502745
502665
502462
502421
502308
502213
502179
501975
501820
501787
501734
501296
500947
500916
500781
500672
500571
500550
500473
500150
500087
500015
500009
499879
499544
499433
499203
499131
498969
498928
498802
498738
498422
498232
498230
497875
497794
497705
497511
496924
496734
496352
496145
496000
495803
495803
495758
495669
495383
495205
495038
494901
494752
494678
494584
494384
494351
494048
493669
493654
493592
493325
493172
493134
492940
492936
492523
492450
492295
492114
492083
491225
491139
490966
490908
490879
490722
490659
490498
490401
490338
490151
490141
490095
489822
489777
489290
488816
488659
488659
488440
488407
488375
488141
487920
487603
487542
487396
486937
486841
486759
486731
486721
486630
486624
486604
486531
486234
486187
485957
485937
485908
485832
485696
485649
485471
485208
485067
485059
484951
484842
484754
484727
484710
484660
484442
484154
483880
483527
483496
483479
483091
482646
482635
482548
482464
482295
482256
482055
481906
481858
481565
481477
481351
481232
481154
481100
481032
480947
480849
480785
480717
480685
480685
480626
480597
480278
480276
480182
480114
479593
479476
479419
479418
479361
479252
479130
479067
479001
478987
478982
478847
478829
478822
478778
478704
478464
478131
478028
477905
477655
477583
477582
477562
477549
477400
477372
477303
477290
477272
477223
477145
476878
476867
476779
476702
476672
476572
476415
476401
476259
475937
475813
475782
475585
475447
475419
475380
475359
475307
475280
475201
474993
474880
474808
474388
474140
474014
473959
473851
473728
473514
473202
472997
472871
472770
472721
472632
472578
472509
472289
472034
471948
471936
471867
471197
471122
471006
470909
470161
470052
469300
469085
468887
468832
468609
468456
468443
468413
468390
468268
468254
468177
467940
467873
467653
467581
467256
466745
466688
466590
466496
466355
466324
466279
466162
466076
465730
465426
465215
465014
464990
464807
464718
464713
464672
464667
464660
464598
464590
464567
464185
464052
463768
463698
463633
463538
463534
463532
463374
463373
463343
463213
463083
463027
462993
462899
462614
462576
462369
462260
462231
462220
462123
461611
461534
461469
461381
461282
461204
461108
460784
460782
460701
460596
460486
460294
460009
459951
459709
459685
459672
459566
459557
459502
459400
459363
459083
459043
458884
458771
458748
458642
458593
458576
458565
458548
458538
458527
458391
458043
457953
457410
457361
457244
457091
457071
457020
456901
456748
456716
456595
456343
456338
456249
456071
455862
455818
455797
455795
455659
455582
455510
455271
454863
454793
454791
454539
454530
454403
454140
453906
453560
453507
453473
453404
453377
453183
453131
453059
453028
452838
452677
452586
452431
452354
452328
451920
451607
451547
451531
451397
451282
451152
451073
450998
450952
450793
450595
450588
450447
450406
450113
450033
450009
449984
449946
449845
449824
449746
449394
449202
448938
448785
448421
448393
448270
448214
448164
447923
447803
447747
447561
447394
447387
447266
447152
447111
447064
447056
446861
446818
446691
446656
446643
446618
446520
446492
446296
446248
446230
446197
445582
445572
445544
445529
445468
445462
445413
444958
444944
444926
444855
444789
444586
444572
444571
444499
444211
444079
443959
443941
443743
443655
443634
443592
443538
443230
443071
443048
442892
442553
442364
442245
442218
442159
442018
441941
441666
441635
441619
441163
441034
440979
440796
440776
440747
440491
440401
440370
440312
440236
440141
440103
440032
440014
439788
439764
439750
439711
439168
439117
438858
438701
438550
438519
437956
437905
437877
437789
437787
437590
437535
437475
437272
437081
437075
437030
437028
436756
436643
436454
436421
436292
436217
436153
436125
436058
435517
435001
434958
434945
434799
434438
434035
433972
433913
433615
433576
433529
433474
433434
433062
432960
432630
432619
432575
432561
432539
432171
432059
431782
431540
431374
431328
431166
431158
431028
431027
430909
430860
430761
430684
430581
430438
430280
430229
430098
430023
429961
429854
429543
429356
429337
429010
428762
428614
428567
428531
428227
428151
428087
427842
427660
427629
427119
427070
426989
426975
426905
426856
426851
426757
426754
426747
426568
426533
426323
426288
426242
426159
426076
425966
425811
425789
425599
425582
425280
425034
424582
424537
424440
424312
424302
424256
424134
424121
423763
423653
423595
423541
423268
423233
423147
423129
423038
422998
422525
422448
422378
422008
421966
421937
421871
421866
421790
421705
421700
421669
421656
421366
421363
421250
421006
420882
420852
420815
420750
420609
420279
419989
419798
419554
419445
418981
418744
418601
418354
418201
417911
417753
417661
417231
417128
417058
416861
416859
416488
416376
416161
416111
415794
415746
415616
415500
415093
414982
414762
414681
414564
414406
414243
414157
413932
413644
413522
413375
413332
413258
413201
413138
412721
412640
412636
412485
411885
411834
411756
411652
411107
411016
410934
410694
410595
410438
410421
409995
409897
409804
409469
409324
408854
408482
408384
408317
408129
408105
407777
407772
407652
407634
407617
407555
407499
407446
407426
407326
407275
406934
406817
406734
406720
406652
406470
406462
406293
406250
406235
406193
406016
405839
405787
405754
405502
405219
404858
404638
404545
404416
404409
404387
404337
404120
404115
403834
403784
403687
403331
403256
403233
403123
403057
403044
402977
402270
402163
402078
401793
401651
401501
401105
401060
401023
400917
400877
400363
400332
400260
400228
400133
399789
399780
399599
399512
399281
399231
399225
398953
398898
398896
398874
398744
398601
398436
398395
398071
397885
397684
397559
397504
397194
397107
397035
397027
397007
396450
396156
396010
395925
395760
395621
395522
395485
395485
395437
395091
395052
395009
394795
394774
394654
394468
394425
394379
394349
394302
394229
394123
394049
393995
393614
393421
393301
393292
393143
392871
392763
392674
392536
392531
392484
392317
392232
392226
392159
392087
391870
391832
391716
391608
391596
391386
391283
391234
391151
391143
390987
390867
390792
390762
390531
390478
390374
390042
389992
389986
389972
389972
389777
389480
389338
389236
389067
388948
388914
388774
388483
388412
388130
388040
387974
387841
387836
387677
387316
386761
386706
386681
386670
386637
386617
386443
386382
386287
386179
386064
385985
385853
385646
385560
385458
385273
384842
384767
384722
384698
384625
384619
384528
384428
384420
384411
384383
384287
384065
383946
383811
383735
383725
383624
383521
383487
383006
382944
382871
382696
382692
382638
382539
382534
382386
382232
382023
381984
381680
381626
381596
381376
381375
380729
380676
380476
380473
380377
380330
380274
380274
380040
380016
379744
379160
379111
379108
379057
379004
378920
378779
378727
378709
378407
378286
378243
378122
378118
378009
377932
377878
377868
377683
377589
377239
377133
377085
376903
376752
376679
376632
376599
376507
376426
376404
375914
375895
375881
375709
375486
375426
375134
374916
374715
374711
374694
374383
374353
374231
373922
373773
373566
373205
373021
372988
372977
372907
372655
372647
372304
371940
371874
371811
371717
371687
371644
371640
371300
371180
371106
371044
371030
371010
369917
369915
369530
369321
369130
369105
369039
368973
368944
368898
368317
368042
367882
367588
367339
367314
367158
367063
366986
366952
366927
366771
366702
366685
366366
366156
366142
366009
365957
365951
365745
365725
365688
365659
365534
365428
365412
365382
365342
365164
364926
364835
364724
364612
364596
364587
364302
364219
364139
363870
363865
363794
363626
363495
363382
363264
363237
363196
363037
362709
362507
362371
362072
362063
361910
361741
361661
361653
361614
361532
361525
361512
361208
361113
360696
360121
360102
360064
360056
359742
359675
359639
359548
359482
359436
359329
359244
359113
358954
358859
358820
358563
358545
358271
358261
358144
358108
357979
357851
357772
357276
356799
356787
356488
356354
356229
356200
356159
356035
355959
355957
355946
355921
355875
355710
355501
355211
355160
355085
355072
354986
354925
354868
354415
354309
354090
354080
353834
353492
353373
352997
352991
352894
352627
352530
352336
352114
352096
351912
351629
351617
351472
351000
350974
350859
350855
350849
350618
350448
350434
350389
350215
350197
350120
349905
349754
349744
349676
349653
349635
349530
349498
349217
349136
348394
348350
348184
347946
347736
347396
347393
347289
347228
347131
347073
346864
346859
346756
346444
346412
346393
346374
346353
346328
346201
345997
345735
345676
345538
345183
345182
344656
344600
344598
344351
344286
344271
344183
343986
343816
343627
343572
343566
343439
343124
343024
342872
342793
342533
342468
342349
342330
342137
341878
341837
341816
341718
341507
341373
341275
341265
341163
341141
340873
340857
340770
340769
340576
340523
340373
340315
340076
339917
339745
339649
339506
339393
339128
339108
339070
338875
337863
337840
337726
337592
337389
337349
337273
337152
337102
337085
336925
336921
336520
336264
336249
335822
335795
335772
335694
335625
335195
334843
334671
334469
334380
334324
334322
334235
334112
334111
334071
333848
333685
333096
332980
332869
332828
332574
332511
332365
332357
332063
331994
331938
331768
331753
331660
331645
331363
331284
330771
330734
330642
330416
330371
330292
330024
329723
329522
329501
329355
329292
329281
329277
329257
329066
328972
328880
328570
328420
328412
328373
328295
328166
328157
328141
328125
328024
327968
327820
327603
327527
327467
327379
327289
327024
326646
326601
326552
326402
326326
325738
325731
325612
325564
325350
325029
324885
324696
324613
324555
324401
324257
323086
323047
322829
322822
322607
322535
322299
322152
322028
322014
321908
321605
321598
321397
321291
321067
321066
321040
320188
320087
320017
319786
319599
319591
319546
319343
319158
319126
319058
318809
318748
318697
318600
318574
318140
317386
317357
317275
317214
317161
317003
316947
316832
316764
316760
316528
316514
316216
316213
315757
315682
315423
315410
315389
315339
315217
315166
314584
314432
314303
313951
313793
313730
313699
313674
313576
313459
313403
313281
313227
313049
312822
312816
312704
312665
312476
312428
312272
312258
312135
312109
312094
311823
311553
311368
311342
311240
311218
310980
310759
310493
310423
310405
310374
310133
310071
310051
309800
309800
309661
309416
309273
309087
308803
308790
308654
308578
308560
308549
308517
308503
308420
308402
308310
308304
308054
307957
307856
307455
307389
307373
307170
306906
306696
306561
306288
306195
306165
306106
305906
305880
305773
305752
305633
305621
305371
305317
305062
304903
304804
304777
304773
304264
304122
303570
303477
303472
303152
303087
303087
303010
302611
302607
302600
302045
302015
301951
301882
301806
301620
301579
301548
301546
301265
301090
301035
300904
300776
300603
300492
300414
300382
300255
300077
300015
299978
299953
299838
299810
299803
299706
299687
299655
299610
299507
299420
299317
299201
299159
299052
298805
298530
298436
298350
298316
298277
298204
298112
297996
297805
297560
297558
297385
297139
296970
296959
296834
296693
296656
296633
296612
296582
296525
296044
296011
295870
295860
295267
295204
295197
295128
294702
294618
294552
294465
294221
294202
294077
293797
293667
293647
293242
293073
293061
292903
292770
292687
292487
292176
291975
291948
291844
291759
291550
291544
290961
290942
290613
290587
290472
290438
290198
290193
290122
290083
290077
289965
289800
289540
289473
289425
289342
289280
289254
289193
288950
288820
288800
288789
288720
288450
288391
288368
288299
288080
287960
287875
287772
287592
287582
287520
287515
287341
287338
287294
286999
286923
286811
286762
286759
286553
286355
286339
286263
286185
286172
286099
286082
285940
285907
285840
285708
285675
285628
285291
285114
285101
284997
284987
284962
284478
284323
284266
283828
283825
283748
283717
283614
283414
283414
283358
283344
283261
283213
283145
283015
282799
282587
282372
282268
282235
282190
282133
281947
281763
281641
281641
281104
280856
280853
280797
280669
280527
280526
280428
280320
280018
279996
279970
279877
279752
279650
279649
279587
279563
279543
279461
279447
279433
279371
279060
279015
278984
278981
278791
278596
278429
278336
278267
278107
277979
277810
277482
276916
276826
276815
276553
276508
276487
276346
276282
276230
276159
276115
275693
275649
275647
275599
275480
275360
275298
275199
275034
274974
274935
274883
274727
274611
274528
274386
274214
274036
274018
273957
273547
273519
273497
273485
273401
273353
273044
272808
272502
272469
272271
272146
272029
271737
271550
271391
271185
271148
270872
270839
270567
270527
270146
270060
269901
269826
269795
269751
269691
269645
269604
269443
269436
268995
268854
268712
268313
268030
267995
267814
267722
267646
267559
267526
267474
267185
267045
266797
266396
266214
266158
266116
266038
265832
265766
265654
265639
265531
265474
265226
265132
265107
265094
264997
264793
264783
264553
264485
264463
264369
264352
264212
264138
264063
263775
263411
263300
263298
263286
263265
262920
262882
262735
262542
261642
261540
261477
261421
261270
261269
260971
260838
260783
260709
260591
260547
260412
260272
260100
260092
259763
259737
259686
259626
259576
259270
259254
259247
259185
259159
258851
258661
258443
258182
258177
258113
257829
257796
257769
257663
257640
257491
257398
257128
256970
256960
256728
256561
256300
256192
256102
256064
255794
255771
255641
255598
255490
255222
255150
254858
254653
254628
254622
254315
254247
254217
254209
254185
254143
253791
253768
253752
253741
253593
253590
253579
253451
253311
253146
253016
252985
252800
252712
252114
251991
251479
251458
251444
251440
251361
251264
251089
251071
250985
250873
250820
250635
250447
250416
250002
249807
249768
249530
249505
249299
249282
249192
249133
248717
248531
248512
248324
248265
248239
248084
248054
247826
247776
247654
247592
247377
247343
247230
247183
246845
246718
246601
246469
246354
246214
246104
245913
245761
245722
245577
245567
245450
245133
244777
244713
244283
244054
243895
243789
243758
243757
243622
243512
243455
243323
243160
242839
242461
242364
242357
242281
242234
242215
242207
242171
242126
241833
241671
241492
241394
241372
241352
240822
240754
240461
240276
240261
240226
239989
239884
239765
239680
239604
239448
239442
239436
239033
239023
239017
238514
238462
238452
238338
238297
238227
238216
238189
238090
237846
237717
237652
237641
237599
237566
237510
237259
237135
236918
236912
236903
236888
236868
236835
236770
236759
236579
236514
236357
236316
236304
236261
236246
235928
235409
235392
235349
235336
235169
235163
235129
235027
234890
234879
234752
234666
234552
234510
234482
234244
233818
233689
233685
233657
233524
233463
233449
233314
233299
233199
233185
233087
232738
232724
232687
232390
232150
232130
231998
231939
231617
231445
231417
231401
231102
231069
231018
230632
230605
230441
229908
229825
229776
229733
229644
229598
229545
229481
229272
229144
229143
229009
228799
228747
228567
228562
228182
228167
227967
227953
227918
227752
227628
227563
227431
227172
227134
227063
226817
226708
226680
226404
226361
226228
226117
226091
225586
225568
225560
225534
225480
225477
225420
225396
225381
225340
224735
224693
224626
224566
224565
224562
224453
224392
224222
224046
223862
223670
223652
223563
223477
223338
223140
223138
223100
223015
222937
222822
222798
222790
222766
222681
222568
222550
222335
222295
222294
222264
221872
221846
221622
221347
221231
221147
220993
220934
220930
220732
220457
220423
220372
220368
220088
220026
219961
219643
219548
219523
219501
219294
219179
219157
219092
218947
218608
218558
218445
218288
218222
218120
218058
217709
217695
217647
217595
217517
217514
217514
217492
217323
217229
216775
216524
216342
216338
216317
216087
215864
215762
215748
215649
215289
215233
215207
215206
215101
215000
214813
214780
214688
214567
214468
214366
213966
213934
213327
213306
212853
212808
212794
212737
212728
212533
212229
212085
211971
211704
211634
211624
211303
211269
211252
211250
211059
210818
210629
210610
210548
210533
210468
210443
210382
210340
210313
210304
210191
210116
210067
210029
210014
209886
209660
209236
209139
209049
208801
208654
208608
208455
208153
208013
207985
207392
207264
207193
207162
206804
206616
206479
206463
206362
206224
206221
206199
205968
205958
205921
205899
205386
205275
205265
205231
205223
205050
204889
204870
204760
204757
204744
204503
204194
204125
204089
204014
203951
203507
203266
203218
203005
202945
202898
202862
202838
202799
202764
202733
202730
202632
202625
202612
202247
202238
202105
202017
201631
201459
201309
201090
201064
200976
200697
200684
200595
200574
200530
200409
200318
200223
200146
199951
199781
199727
199706
199687
199645
199537
199502
199491
199478
199472
199367
199337
199244
199064
199032
198928
198812
198555
198324
198233
198094
198007
197420
197287
197154
197055
196831
196765
196653
196626
196562
196554
196543
196245
195986
195692
195527
195327
195316
195299
195082
195037
194881
194849
194845
194752
194601
194299
194254
194209
194201
193989
193975
193864
193847
193830
193806
193721
193511
193483
193302
192945
192808
192655
192453
192410
192052
191777
191715
191453
191135
190955
190880
190479
190478
190323
190225
190180
190167
189765
189384
189366
189175
188981
188867
188864
188657
188172
187952
187910
187699
187540
187403
187225
187191
186902
186836
186811
186610
186305
186011
185974
185804
185565
185300
185232
185104
184660
184655
184499
184454
184155
184078
183889
183096
182951
182720
182389
182376
182287
182151
182123
181646
181635
181123
181078
181047
180955
180871
180677
180391
180316
180063
180009
179994
179956
179949
179691
179691
179545
179487
179380
179072
178961
178872
178804
178687
178682
178664
178623
178330
178213
177984
177800
177732
177600
177573
177526
177453
177069
176895
176790
176773
176649
176627
176520
176148
175996
175934
175882
175851
175826
175803
175698
175626
175583
175493
175356
175354
175195
175152
175004
174950
174866
174860
174703
174590
174323
173997
173908
173892
173838
173832
173798
173696
173561
173172
173029
173025
172969
172894
172784
172763
172486
172290
172107
172065
171977
171969
171765
171717
171615
171525
171468
171441
171305
171046
171034
170733
170486
170318
170304
169887
169830
169626
169538
169391
169357
169246
169094
168880
168845
168842
168824
168813
168758
168674
168543
168514
168435
168427
168410
168339
168316
168136
167848
167730
167534
167444
167328
167230
166981
166966
166767
166593
166540
166408
166318
166170
166157
165767
165738
165423
165266
165164
165074
164917
164822
164700
164579
164579
164573
164470
164396
163736
163722
163514
163451
163385
163326
163232
163201
163181
163153
163141
163060
162969
162891
162724
162636
162585
162530
162373
162369
162125
162004
161916
161469
161299
161155
161134
161133
160982
160691
160378
160267
160126
160084
160033
160007
159952
159812
159689
159605
159570
159402
159270
159188
159033
159009
158990
158910
158551
158366
157990
157915
157907
157844
157549
157275
157180
156655
156626
156555
156264
156207
156126
155906
155869
155764
155737
155685
155628
155330
155305
155294
155045
154946
154931
154887
154882
154702
154483
154418
154405
154315
154153
154031
153985
153807
153776
153610
153601
153512
153397
153303
153005
152829
152561
152513
152512
152507
152454
151952
151863
151718
151680
151552
151503
151417
151329
150961
150618
150339
150289
150214
150048
149786
149786
149660
149625
149620
149601
149416
149379
149308
149136
149100
148989
148733
148716
148614
148554
148434
148306
148092
147959
147877
147864
147832
147772
147638
147454
147407
147352
147288
147110
147101
146607
146480
146349
146345
146239
146130
146107
145792
145633
145602
145484
145473
145294
145278
145066
144954
144616
144396
144323
144221
144213
144054
144030
143902
143630
143578
143559
143268
143187
143019
142896
142610
142303
142058
141862
141576
141545
141344
141246
141227
141110
141043
140872
140815
140430
140382
140321
140264
140218
140198
140130
140113
140072
139773
139722
139669
139651
139616
139554
139462
139248
139091
138996
138819
138462
138343
138326
138027
137984
137984
137962
137654
137634
137018
136849
136814
136760
136694
136615
136373
136320
136273
136129
136089
135967
135844
135728
135542
135415
135411
135340
135295
135119
135116
134940
134817
134760
134758
134750
134500
134326
134315
134300
134161
134091
133888
133763
133713
133595
133542
133513
133478
133255
133240
132565
132492
132405
132318
132205
132009
131999
131701
131468
131337
131334
131003
130959
130928
130639
130594
130539
130262
130181
129932
129852
129631
129614
129612
129488
129391
129344
129228
128777
128727
128672
128532
128515
128505
128478
128433
128377
128297
128275
128191
128058
128055
128055
127524
127447
127434
127190
127080
126742
126576
126548
126546
126472
126389
126327
126302
125788
125673
125635
125590
125164
124762
124668
124668
124636
124481
124295
124194
124130
124077
124002
123958
123906
123477
123430
123388
123044
122903
122882
122753
122636
122547
122516
122418
122230
121920
121747
121678
121546
121494
121262
121054
120837
120589
120582
120550
120528
120483
120428
120359
120286
120213
120198
120118
120052
119897
119896
119766
119617
119588
119575
119501
119437
119026
119012
118892
118531
118351
118291
118219
118200
118197
118196
118151
117808
117663
117591
117530
117458
117454
117436
117291
116907
116773
116758
116705
116670
116491
116480
116163
116104
115450
115256
115207
115067
115032
115012
115008
114418
114408
114350
114177
113699
113627
113136
113064
113064
112939
112885
112828
112786
112717
112493
112458
112397
112335
112195
112180
111754
111642
111468
111320
111009
110744
110588
110523
110231
110230
110173
110163
110137
110066
110016
109962
109931
109813
109735
109561
109326
108880
108840
108838
108555
108444
108377
108365
108328
108102
107781
107781
107521
107464
107450
107418
107309
107244
107120
106945
106787
106632
106521
106513
106506
106251
106182
106001
105966
105813
105751
105398
105106
104905
104495
104431
104251
104223
104163
103957
103901
103760
103693
103426
103375
103246
103235
103091
102943
102863
102677
102528
102456
102033
101972
101769
101241
101191
101065
101044
101012
101012
100960
100783
100426
100394
100350
100266
100223
100201
100096
100007
99874
99791
99693
99661
99561
99552
99337
99191
99101
99048
98839
98791
98682
98677
98642
98304
98279
98215
98175
98173
98055
98043
97956
97876
97868
97850
97846
97798
97795
97494
97421
97350
97282
97226
96828
96818
96502
96334
96192
96146
96106
96055
95936
95904
95599
95418
95357
95246
95022
95005
94895
94879
94612
94611
94594
94416
94340
93885
93832
93360
93325
93287
93128
92771
92739
92739
92584
92543
92443
92426
92223
92164
92134
92122
92114
91962
91854
91546
91486
91181
91141
91134
90818
90676
90637
90527
90479
90403
90373
90244
89972
89786
89510
89440
89066
89060
89029
88935
88827
88739
88559
88479
88375
88238
88113
88083
88011
87918
87750
87665
87514
87356
87333
87240
87031
86879
86802
86783
86363
86086
86072
85439
85410
85238
85031
84881
84814
84793
84413
84053
84033
83919
83916
83887
83783
83372
83295
83032
82988
82985
82845
82745
82727
82724
82575
82572
82463
82336
82172
82093
82051
81920
81885
81650
81617
81616
81532
81412
81397
81251
81185
81069
81063
80970
80907
80855
80485
80124
80110
80058
80034
80021
79953
79858
79665
79664
79578
79541
79516
79276
79260
79172
79135
79075
79069
78668
78522
78268
78003
77874
77710
77282
77167
77026
77019
76803
76339
76278
76125
76041
75569
75543
75430
75347
75336
75299
75295
75290
75203
75176
75101
75033
74921
74851
74692
74689
74482
74202
74034
73976
73912
73883
73833
73783
73472
73453
73369
73041
73000
72766
72704
72374
72205
72175
72083
72069
72009
71947
71932
71772
71769
71355
71312
71276
71120
71116
71084
70779
70488
70290
70235
70136
69537
69287
69247
69027
68942
68895
68285
67981
67823
67756
67628
67258
67256
67197
67138
67092
67005
66780
66776
66757
66645
66558
66558
66311
66058
65825
65706
65653
65509
65495
65462
65440
65338
65225
65209
65027
65007
64611
64504
64430
64389
64161
64115
63882
63834
63667
63485
63360
63254
63167
63152
63101
62994
62973
62812
62788
62725
62664
62141
62033
61922
61824
61516
61329
61273
61183
60909
60867
60734
60623
60264
60188
60143
59985
59819
59623
59598
59479
59443
59398
59252
58912
58797
58765
58501
58471
58295
58229
57704
57680
57370
57292
57099
57066
57021
56979
56872
56825
56601
56383
56170
56092
55975
55855
55821
55789
55646
55391
55325
55223
55160
55069
54914
54751
54590
54574
54442
54308
54288
54224
54144
54129
53812
53748
53691
53479
53399
53285
53233
53026
52777
52595
52578
52528
52498
52392
52257
52122
52062
52048
51902
51626
51419
51264
51187
51120
51090
51081
50569
50503
50433
50355
50191
50030
49896
49876
49828
49582
49534
49516
49292
49039
49030
48954
48807
48735
48730
48707
48130
48124
47750
47744
47678
47565
47514
47479
47062
46911
46812
46772
46204
46155
45945
45728
45585
45579
45337
45218
45102
45076
44898
44868
44816
44752
44642
44268
44219
44178
44061
44024
43963
43720
43719
43694
43532
43452
43444
43233
42546
42535
42199
42039
41991
41941
41654
41523
41356
41356
41317
41205
40744
40665
40665
40468
40275
40146
40140
40010
39851
39841
39806
39764
39714
39557
39422
39272
39194
38531
38393
38341
38341
38222
38136
38109
38026
37626
37426
37257
37098
37051
36851
36407
36262
36164
35873
35557
35258
35199
35194
34955
34950
34880
34796
34639
34391
34247
34092
34087
33837
33751
33727
33686
33625
33623
33545
33488
33484
33410
33045
32958
32952
32903
32787
32666
32264
32253
32213
32132
31800
31709
31662
31494
31456
31408
31405
31275
31057
30802
30772
30724
30721
30686
30308
30112
30032
29934
29825
29744
29660
29446
29372
29305
29200
29122
28481
28389
28374
28207
28193
28162
28088
27912
27768
27715
27642
26871
26848
26670
26544
26364
26104
26061
26011
25899
25758
25660
25558
25475
25427
25414
25355
25295
24846
24828
24722
24700
24527
24292
24245
24206
24195
24170
24154
24123
24067
23971
23810
23539
23511
23345
23195
23127
23071
23054
22894
22793
22421
22331
22206
22095
21976
21969
21894
21756
21687
21663
21489
21488
21485
21247
20975
20699
20560
20480
20442
20203
19744
19729
19707
19070
18863
18836
18778
18520
18439
18362
18358
18317
18227
18130
17988
17733
17681
17602
17554
17318
17313
17065
16961
16918
16637
16581
16403
16242
16240
16172
16102
15900
15890
15838
15761
15655
15380
15163
14835
14669
14489
14373
14293
13834
13832
13730
13727
13454
13440
13162
13092
12877
12833
12766
12685
12642
12440
12293
12258
11814
11736
11589
11430
11395
11346
11133
10782
10781
10678
10447
10337
10298
10061
9508
9400
9254
9191
8939
8871
8850
8709
8682
8668
8658
8559
8553
8544
8353
8220
8203
8147
7959
7704
7610
7607
7604
7557
7283
7236
7169
7127
6754
6480
6278
6268
6263
6047
6028
5740
5538
5536
5226
4584
4378
4188
4187
3962
3961
3942
3890
3806
3783
3612
3543
3436
3300
3235
2949
2931
2865
2860
2834
2591
2554
2551
2450
2348
1818
1699
1166
1119
1018
934
931
921
885
818
674
511
508
323
256
87