1047760
1042932
1041995
1040747
1040325
1035664
1034422
1034333
1033649
1033312
1031658
1029558
1028090
1024795
1022091
1020743
1020142
1019427
1019004
1018910
1015012
1014093
1010023
1000926
999704
996334
994745
992159
991940
991865
989779
989068
984951
983497
980715
979340
972888
971267
969968
969692
969119
967964
967570
965225
963793
957362
955334
945691
944808
941316
938091
937042
935318
930970
928636
928577
927119
926616
926376
916594
912928
912734
912005
908858
908722
906472
904205
900109
898005
897816
895565
895244
891877
890333
889733
886859
884004
883091
882841
881095
880224
876850
873140
871588
871581
869139
868160
862844
862594
862532
861868
861327
859472
857812
851506
850713
847528
844328
844235
841167
839210
835534
835303
835242
832706
822133
816614
816124
811997
811571
809864
808871
805934
802714
801592
799635
798406
798336
794835
793952
793583
790000
787202
786903
785754
780169
777871
773810
768872
766441
763831
762533
760388
756906
755952
754165
752407
745755
744237
741273
737235
729637
727031
725239
717939
714742
712329
708608
706932
706355
704233
703351
699363
696389
696003
693127
690622
689658
688622
687994
686043
683344
682807
682341
681383
672221
671958
668216
666760
666433
663107
659947
658293
657925
657043
651760
648775
643578
642742
642528
640053
638948
637363
637133
634987
628171
626950
626061
625615
623920
622889
622587
621816
619867
612528
607993
606861
606652
604172
603875
602635
597578
597068
596862
596052
595576
588826
587373
586562
581306
578322
577705
576612
576544
576374
573290
573283
572440
572232
571136
564893
564051
562071
560886
560707
558808
549597
549572
549293
548800
548400
548192
547131
545034
541866
540381
540354
535077
524875
524279
523956
523581
523569
522469
518371
517767
517765
516194
514915
514826
514556
511534
510250
502855
501698
500565
500537
500230
499157
495712
495009
494246
491843
491616
489236
489172
484287
480642
474229
473860
469384
468539
466082
465022
462788
458030
456707
451710
449875
448026
441708
441005
437884
433941
433581
432979
431423
429642
429542
422965
422773
421840
421687
421474
417856
413366
413007
411597
402801
402000
398208
395864
394182
387475
384739
379917
378249
378078
377005
375788
374003
372436
372141
371875
368764
368666
368366
366535
365537
364522
354174
352888
350221
347486
344863
342898
341337
339767
338600
335841
335458
332548
328801
327214
326205
317759
316897
313235
312944
312548
310252
309828
309019
308596
308560
305282
305094
303547
296811
296785
286481
282949
281960
280812
280391
280188
276274
275716
275374
275163
274912
273869
268892
268514
264407
260248
259594
259558
259262
256629
251306
250821
249756
248781
248491
246550
243987
238584
233546
232571
232015
231137
229422
227234
223477
222529
221270
221030
220597
217338
213598
210984
209735
208852
207393
206290
203941
203810
203782
202149
200224
197487
194534
194084
189998
189377
188739
186752
186040
184168
183699
176721
172362
172243
166970
166191
165101
164933
164066
163663
162670
158249
158101
154408
148977
148325
146895
132893
132396
129281
129271
126905
126381
125155
121633
120319
119831
118895
113574
112062
111716
111310
110807
106528
105554
103129
100925
100330
99964
98982
98326
96482
94432
94384
93318
93192
93031
91181
89592
89545
89003
88853
83888
83144
81090
77175
73539
70108
69984
67083
66420
63925
63483
62831
61609
60585
59632
57636
55298
53312
51878
45809
45647
45635
45326
44681
43951
41753
41078
37493
36508
35209
33812
31212
28568
27735
26932
24557
24285
23289
22290
22270
21896
21749
13894
13118
10232
9852
9284
9283
8696
7801