2314
9207
16608
21450
21985
26211
26351
27360
33298
34076
34084
34288
35113
35575
35803
36222
36922
39483
43245
47377
47976
48062
48220
50964
51309
53100
54706
57356
58024
58428
61039
63416
63616
63645
64766
66885
71662
73540
74729
78684
82848
85081
85953
86388
88314
89007
89035
89815
90232
96125
96345
97081
98745
103039
103149
105770
105796
107655
110149
110920
115377
115525
119254
119651
120812
121585
124606
125268
126708
130045
130807
131055
138775
139761
140369
140939
147884
148687
152020
152317
154564
155833
157008
159433
161189
166405
167836
171881
177233
179893
180370
186835
187486
187792
192232
192819
194775
196011
197627
198149
201873
204768
206047
206574
206824
208119
208618
210231
210916
212223
218641
220487
221271
221946
225073
225506
225636
230245
230872
230954
231675
231680
237038
239003
242348
243003
245356
248195
248358
248361
250153
252463
252671
258265
258760
258835
258942
260953
261888
262620
264535
264559
267838
271274
272856
274009
277689
277905
282682
291569
293064
295221
295951
298106
299555
302649
307655
308311
311809
314085
316777
321289
325495
335282
337212
338379
338717
341015
343586
345120
345887
346383
346951
348122
348991
350708
351263
351539
353333
355383
356738
359100
361111
361175
363676
364490
366278
366445
371244
375371
377555
378192
380589
383546
385190
390332
396324
400341
403137
405519
415131
415427
417613
418014
418215
423873
425195
425476
429370
431184
431986
434321
435165
437402
437559
437781
438368
440350
440914
446938
448367
450533
453875
458228
459858
461729
462027
464583
465302
466279
466335
467906
468128
474531
476004
476111
478716
481599
481768
486330
487888
491108
494148
496292
500140
500338
500734
500958
501967
507126
510377
512703
514169
515240
516694
519008
525883
539684
540711
543411
543437
543928
544471
544756
544872
545373
550471
553083
554934
557745
559717
563551
568103
574331
575230
576271
577017
580187
583995
586361
592171
593559
599518
600002
602036
603745
603851
604495
604612
605428
605781
605861
606104
608400
609381
609657
610471
611215
613524
618034
618812
620280
621249
625641
629161
629738
637277
638357
638721
640322
640446
641666
644473
648761
649092
653855
660360
660474
665814
666815
667094
667731
667966
670085
670313
673170
673561
674840
675575
675583
677798
678520
678788
679322
680482
681345
681830
681887
682032
682089
690673
698175
698560
699398
701305
704939
705700
710772
711133
716219
717903
719976
720971
724452
725285
726538
727037
730161
730856
739037
741964
745085
745126
747793
749390
751403
752144
756537
757057
761710
764263
766014
767912
770042
771363
773207
776412
779715
779758
780862
781623
782192
782417
784148
788423
790652
792187
793809
795689
796286
798057
798812
800774
801504
802827
804891
805063
807222
810174
813067
817304
820535
827106
831782
837354
839264
841223
847755
853313
856234
858964
860218
863214
864042
868409
869183
871817
877547
878803
879813
884653
885302
885628
885815
886951
889797
890658
890668
894335
899088
899807
899923
901708
903458
906771
908691
911457
912132
913923
915590
916786
917005
922713
924300
929512
929648
936142
936660
938816
940874
942838
943130
944487
944917
950543
951755
952392
954347
956302
956499
958083
958416
959073
961610
961768
967441
968499
968594
973298
978350
978780
983702
985349
986012
986419
988023
988141
988969
989533
990030
991656
993558
994909
997551
997606
1000777
1004770
1005468
1006935
1007255
1007704
1007839
1008853
1009233
1009928
1014058
1017015
1018390
1020444
1021547
1026111
1027899
1028295
1029376
1033486
1037281
1038625
1041451
1043075
1044973
1047271
1048380