29
74
310
447
532
1127
1225
1488
1519
1881
1882
2060
2174
2327
2439
2466
2489
2560
2715
2718
2847
2915
3127
3147
3207
3237
3521
3684
3709
3797
3884
3922
3928
3939
3976
4046
4162
4596
4798
4833
4839
4917
5148
5172
5400
5488
5511
5993
6283
6499
6532
6681
6792
6912
7134
7284
7325
7326
7399
7408
7463
7472
7607
7616
8066
8278
8312
8617
8637
8667
8718
9027
9374
9592
9712
9759
9847
9957
10090
10267
10321
10326
10594
10763
10909
11152
11293
11703
11860
11951
11957
12112
12329
12338
12358
12438
12471
12505
12532
12543
12599
12820
13004
13269
13316
13689
13799
13836
13987
14027
14061
14235
14350
14403
14481
14581
14911
15145
15192
15429
15617
15734
15768
15822
15845
15963
16155
16184
16241
16291
16349
16450
16528
16550
16598
16679
16837
16973
16996
17053
17072
17097
17133
17218
17267
17348
17843
18094
18291
18370
18607
18669
18728
18769
18851
18995
19014
19076
19340
19625
19930
20168
20187
20207
20220
20379
20458
20848
21143
21187
21191
21203
21355
21406
21422
21427
21763
21992
22236
22281
22290
22527
22693
22710
22731
22754
22767
23002
23404
23460
23658
23687
24032
24363
24591
24950
25501
25545
25545
25632
25707
25781
25964
25996
26083
26166
26240
26663
26798
27016
27188
27204
27394
27475
27620
27666
27758
27864
27879
28450
28471
28912
28949
30001
30285
30577
30602
30759
30823
30847
31060
31115
31222
31254
31671
32161
32287
32584
32663
32707
32722
32723
33211
33227
33388
33532
33655
33738
33831
34131
34340
34453
34623
34654
34688
34829
35357
35378
35540
35619
35674
35674
35943
36055
36128
36458
36806
37094
37270
37325
37397
37410
37630
38421
38435
38596
38600
38700
38841
38867
38948
38949
39058
39062
39071
39154
39180
39283
39331
39362
39382
39433
39706
39721
40363
40402
40460
40925
40940
40973
41035
41146
41309
41382
41722
41794
41898
42033
42145
42272
42286
42406
42430
42498
42585
42618
42719
42941
42997
43030
43222
43289
43483
43534
44006
44300
44421
44495
44561
44781
44857
44884
45183
45334
45372
45490
45587
45604
45636
45843
45858
45883
46021
46054
46285
46459
46739
47237
47259
47266
47360
48032
48075
48136
48193
48336
48349
48461
48496
48857
48948
49118
49130
49285
49495
49497
49625
49627
49974
49976
50285
50346
50558
50562
50808
50847
50871
50961
51025
51372
51562
51705
51808
52226
52425
52501
52591
52912
52948
53089
53158
53535
53537
53636
53679
53755
54572
54577
54728
55345
55620
55661
56025
56109
56148
56465
56497
56731
56737
56858
56881
56889
56905
56998
57022
57051
57149
57672
57783
57799
58149
58231
58348
58390
58404
58448
58584
58680
58959
58975
59049
59094
59098
59384
59890
59933
60312
60438
60449
60566
61078
61178
61693
62136
62217
62276
62316
62657
62752
62934
62968
63047
63212
63303
63548
63708
63741
63776
63998
64200
64243
64354
64372
64582
64710
64911
65402
65431
65447
65656
65677
65749
65780
65785
65800
65880
65995
66095
66173
66482
66538
66728
66803
66877
67130
67133
67175
67185
67191
67248
67271
67303
67430
67693
67710
67801
67920
67987
68009
68018
68197
68232
68267
68345
68401
68433
68484
68499
69035
69069
69406
69447
69668
69742
69751
69777
69834
69921
69958
70078
70132
70191
70731
70928
71197
71398
71402
71597
71812
71854
71870
72266
72348
72393
72399
72669
72751
72770
73077
73311
73366
73431
73452
73460
73562
73636
73983
74039
74040
74179
74287
74298
74366
74518
74555
74608
74643
74658
74707
74756
74778
75044
75076
75281
75319
75362
75445
75571
75655
76115
76301
76513
76742
76840
77295
77394
77430
77732
77732
77761
77883
78002
78459
78704
78761
78963
79062
79099
79131
79152
79195
79210
79249
79328
79536
79635
79704
79895
79952
79977
80060
80328
80489
80502
80624
80681
80878
80932
80982
81059
81269
81495
81644
81741
81814
81896
82048
82074
82136
82273
82352
82368
82406
82471
82713
82737
82889
82920
83097
83152
83310
83453
83469
83651
83745
83751
83815
84042
84042
84114
84152
84223
84287
84289
84459
84517
84528
84701
84783
84795
84904
85025
85362
85453
85491
85614
85714
85914
86009
86010
86352
86458
86593
86665
86680
86716
86717
86844
86984
87477
87484
87534
87585
87645
87678
87681
87837
87993
87998
88046
88238
88486
88528
88571
88611
88761
88841
88887
89257
89277
89458
89510
89598
89599
89830
90221
90317
90355
90404
90409
90430
90700
90701
90969
91070
91196
91247
91306
91458
91552
91639
91696
91861
92140
92184
92419
92546
92622
92663
92761
93093
93289
93428
93813
93867
93941
94108
94139
94161
94366
94491
94668
95016
95082
95278
95327
95337
95694
95723
95740
95812
96345
96446
96504
96934
97521
97581
97624
97798
98262
98295
98331
98350
98420
98468
98912
98930
98959
99196
99232
99730
99775
99837
100020
100469
100612
100686
100779
101188
101292
102086
102106
102185
102420
102485
102737
102800
103067
103071
103366
103512
103528
104524
104577
104602
104964
104984
105185
105214
105295
105503
105842
106090
106361
106566
106984
107224
107650
107673
107847
107932
108660
108664
108686
108730
108730
109048
109120
109159
109315
109480
109545
109560
109573
109632
109646
109696
109741
109756
109838
110198
110247
110291
110294
110308
110316
110447
110485
110521
110528
110654
111102
111193
111276
111390
111664
111747
112085
112164
112365
112467
112495
112587
112614
112721
112917
112949
113012
113143
113302
113308
113345
113369
113460
113462
113617
113814
113916
113967
114240
114358
114512
114942
114991
115048
115088
115306
115352
115389
115682
115754
115758
115801
115883
115900
115916
116021
116030
116077
116558
116644
116852
116943
117141
117174
117207
117626
117680
117706
117915
118116
118166
118167
118250
118260
118603
118612
118724
118825
118959
119370
119521
119597
119800
119853
120078
120173
120270
120295
120300
120558
120614
120669
120987
121171
121209
121287
121445
121543
121579
121604
121646
121708
122382
122404
122839
122869
122942
123084
123138
123710
123740
123775
124059
124112
124146
124195
124522
124546
124707
124724
124729
124829
125010
125033
125447
125536
125554
125597
125731
125763
125928
126029
126139
126175
126214
126316
126695
126729
127116
127126
127484
127526
127583
127663
127743
127952
128011
128047
128231
128312
128369
128946
129158
129209
129355
129400
129451
129592
129626
129856
129971
130070
130139
130149
130284
130577
130625
130636
130650
130840
130914
131093
131170
131239
131344
131360
131425
131503
131715
131930
132353
132671
132681
132942
132985
133033
133240
133784
133882
133982
134039
134193
134290
134314
134800
134801
134909
135180
135245
135322
135451
135516
135636
135750
135812
135815
135858
135910
135911
136023
136112
136134
136165
136215
136305
136429
136475
136579
136698
136701
136803
136962
137032
137808
138240
138292
138371
138608
138659
138693
138780
138807
139173
139174
139481
139496
139888
139895
139979
140154
140203
140384
140420
140531
140543
140640
140655
140754
140779
141257
141433
141725
141865
141932
142035
142156
142163
142714
142773
142824
142849
142890
142919
142958
143201
143609
143616
143673
143964
144228
144389
144721
144752
144931
145105
145264
145380
145637
145672
146281
146467
146482
146837
146900
146931
146943
147073
147266
147414
147492
147780
147863
148231
148315
148405
148455
148970
149035
149114
149261
149387
149423
149464
149744
150203
150275
150362
150567
150871
150912
150966
151011
151095
151117
151311
151412
151418
151462
151541
151560
151593
151597
152033
152418
152512
152538
152654
152817
152830
152865
152902
153089
153532
153544
153940
153979
153988
154126
154269
154312
154403
154550
154934
154952
155290
155318
155318
155560
155947
156083
156243
156455
156499
156554
156928
157208
157240
157361
157383
157468
157488
157570
157623
157778
157955
158001
158113
158131
158156
158452
158629
158712
158717
158892
159067
159105
159136
159160
159209
159254
159459
159484
159582
159898
159965
160093
160203
160263
160656
161307
161637
161807
161827
162061
162154
162359
162363
162460
162470
162550
163171
163210
163238
163432
163621
163880
164051
164197
164204
164318
164456
164510
164656
164686
164712
165088
165165
165187
165346
165383
165478
165586
165615
165800
165896
166076
166119
166621
166650
166757
166940
166975
167188
167190
167247
167252
167431
167433
167447
167477
167841
167844
168103
168255
168505
168608
168750
168774
168781
168791
168890
169116
169128
169379
169396
169570
169594
170125
170170
170216
170265
170360
170480
171022
171029
171048
171212
171277
171448
171654
171810
171852
172179
172264
172310
172453
172603
172685
173072
173174
173529
173579
173595
173614
173616
173650
174159
174492
174507
174575
174962
175179
175188
175223
175738
175802
175909
176007
176035
176082
176097
176117
176660
176826
177002
177333
177334
177478
177527
177683
177722
177924
177968
178069
178121
178127
178234
178266
178285
178346
178350
178400
178589
178786
179037
179146
179174
179250
179357
179564
179886
179995
180239
180395
180425
180451
180471
180498
180778
180868
180914
181004
181480
181570
181578
181886
182154
182193
182250
182329
182577
182742
182781
182985
183130
183365
183466
183506
183685
183703
183942
184079
184121
184199
184203
184248
184507
184576
184789
185240
185315
185331
185373
185561
185569
185628
185646
185714
185841
186007
186143
186215
186290
186340
186478
186527
187289
187342
187543
187554
187631
187757
187880
187911
188064
188310
188735
188754
188814
188825
188848
188873
189022
189119
189279
189348
189511
189599
189625
189754
189952
190360
190555
190648
190658
190801
190960
191103
191123
191412
191622
191742
191751
191875
191894
192076
192148
192236
192269
192354
192572
192710
192968
192983
193025
193098
193178
193258
193279
193664
193758
193909
193941
193952
194002
194107
194119
194177
194263
194281
194377
194560
194636
194647
194720
195069
195138
195252
195435
195852
195939
196098
196141
196343
196440
196473
196489
196535
196687
196842
197181
197232
197309
197383
197410
197493
197619
197789
197858
198124
198291
198455
198469
198573
198889
198926
199021
199574
199616
200084
200105
200256
200423
200430
200521
200534
200701
200974
201014
201048
201268
201318
201502
201673
201739
201796
202018
202228
202318
202354
202404
202409
202428
203186
203230
203284
203303
203307
203496
203523
203630
203812
203934
203960
204010
204466
204576
204634
204635
205060
205206
205398
205520
205552
205657
205836
205981
206219
206541
206609
206705
206753
206916
206917
207024
207081
207118
207128
207259
207361
207434
207830
207924
207969
208316
208673
208947
209231
209288
209300
209357
209451
209535
209603
209659
209708
209712
209942
210013
210030
210123
210286
210303
210308
210777
210884
211021
211239
211448
211500
211585
212220
212394
212426
212523
212584
212913
212916
212998
213459
213552
213757
213854
213896
214396
214709
214741
214793
214917
214939
214988
215152
215226
215237
215342
215463
215838
215926
215980
216218
216420
216460
216461
216585
216652
216945
217090
217266
217273
217375
217431
217616
217802
217825
217998
218014
218042
218183
218227
218504
218524
218637
218826
218947
218997
219170
219275
219517
220527
220548
220657
220935
220976
221066
221233
221253
221343
221511
221513
221875
221897
222060
222149
222370
222566
222603
222625
222639
222697
222721
222760
222786
222809
222938
223011
223696
223916
223954
224185
224231
224320
224410
224596
224622
224949
225109
225865
225874
226017
226158
227108
227238
227322
227338
227438
227659
227737
227794
227807
227836
227942
228023
228187
228263
228273
228342
228512
228571
228678
228702
229224
229344
229347
229443
229545
229595
229595
229730
229852
229856
230033
230051
230277
230316
230462
230556
230708
230725
230849
230883
230969
231071
231112
231246
231628
231956
232044
232650
232976
232991
233028
233196
233268
233335
233335
233379
233445
233452
233532
233586
233619
233623
233857
233955
234011
234122
234153
234175
234449
234484
234742
234749
234870
235146
235203
235317
235413
235416
235489
235714
235799
235809
235920
235981
236064
236209
236698
236900
237150
237214
237458
237504
237522
237530
237612
238174
238176
238246
238432
238462
238497
238599
238861
239141
239171
239398
239555
239600
239912
240198
240251
240254
240370
240567
240642
241073
241278
241420
241616
241990
242203
242321
242379
242429
242485
242504
242803
242899
243013
243172
243195
243302
243344
243391
243415
243524
243602
243712
243750
243825
243870
243886
243943
244431
244463
244716
244794
245002
245059
245094
245211
245307
245665
245666
245915
246004
246068
246312
246442
246448
246511
246599
246721
246861
246986
247003
247334
247366
247379
247454
247486
247693
247697
247827
247852
247996
248156
248259
248296
248342
248355
248369
248485
248600
248719
248722
248797
248807
248884
249228
249352
249402
249775
249948
250014
250312
250365
250376
250486
251027
251191
251197
251217
251347
251396
251557
251610
251692
251852
252115
252236
252336
252357
252507
252927
253033
253086
253243
253433
253700
253917
254051
254318
254393
254440
254638
254811
254896
254988
255122
255124
255360
255434
255443
255536
255578
255675
255754
255766
255916
256041
256055
256337
256370
256379
256415
256503
256567
256628
256950
257036
257084
257106
257283
257289
257453
257506
257528
257548
257809
257920
258256
258970
259291
259308
259459
259600
259758
259765
259837
259988
260135
260165
260222
260227
260280
260355
260487
260608
260857
260899
260925
260939
260995
261268
261370
261391
261657
261827
261852
261980
262044
262109
262158
262197
262568
262745
262794
262894
263017
263190
263304
263420
263443
263768
264049
264357
264467
264642
264771
264844
264896
265175
265182
265357
266136
266423
266531
266532
266759
267045
267155
267298
267337
267417
267441
267466
267639
267910
268410
268607
268922
268955
269106
269401
269448
269481
269980
270270
270491
270543
270821
271285
271377
271389
271759
271832
271854
272271
272285
272289
272371
272417
272520
272792
272964
273003
273148
273354
273451
273632
273720
274320
274376
274422
274561
274621
274788
274870
274891
274928
274942
275158
275375
275436
275649
275672
275690
275705
276019
276393
276647
276936
276937
277164
277459
277520
277616
277679
277779
277972
278191
278273
278331
278358
278378
278485
278633
278703
278891
279260
279269
279349
279472
279556
279606
279616
279709
279876
279962
280367
280536
280625
280741
281039
281055
281161
281234
281241
281659
281708
281776
281945
281960
281967
282192
282426
282436
282450
282530
282834
283079
283130
283258
283511
283523
283706
283991
284245
284399
284931
285449
285902
285992
286022
286054
286090
286238
286258
286299
286375
286458
286779
286816
286876
286932
287004
287014
287106
287270
287285
287654
287758
287812
288059
288118
288451
288660
288788
288945
288977
289067
289298
289682
289698
289734
289912
289984
290253
290383
290465
290521
290524
290746
291134
291180
291255
291417
291486
291519
291566
291626
291794
292034
292133
292166
292347
292507
292536
292550
292580
292795
292950
292959
293102
293139
293307
293375
293506
293763
293914
294000
294423
294579
294587
294658
295013
295080
295128
295252
295396
295501
295627
295709
295852
295879
296023
296048
296145
296408
296424
296474
296508
296908
296924
296980
297117
297458
297557
297572
297613
297697
297710
297937
298053
298092
298136
298354
298695
298840
298847
299119
299135
299374
299921
299984
300092
300154
300342
300587
300618
300670
300801
300823
301078
301195
301295
301372
301491
301543
301612
301664
301785
301918
302008
302024
302366
302451
302628
302664
302738
302805
302936
303018
303306
303722
303780
304221
304474
304484
304540
304673
304734
304736
304865
305076
305139
305496
305526
305713
305782
305930
306179
306496
306602
306751
307186
307474
307725
307947
308055
308166
308170
308244
308353
308575
308588
308785
308798
308804
309028
309081
309241
309446
309487
309528
309625
309721
309854
309877
309943
309984
310029
310181
310292
310548
310593
310645
310830
310992
311107
311212
311269
311475
311671
311893
311951
312012
312212
312238
312507
312567
312875
312886
313270
313350
313444
313660
313705
313723
314063
314384
314398
314499
314520
314660
314695
314797
314864
314867
315544
315561
315620
315687
316110
316262
316287
316541
316777
316796
316869
317075
317075
317088
317293
317297
317311
317329
318021
318022
318142
318629
318767
318926
319240
319473
319519
319716
319977
320181
320253
320326
320423
320577
320849
321026
321095
321096
321172
321223
321314
321638
321691
321727
321733
321811
321883
322039
322131
322355
322401
322512
322520
322591
322779
322864
322960
323072
323107
323292
323393
323444
323515
323665
323682
323690
323742
324036
324237
324353
324380
324460
324483
324604
324663
324712
324721
324774
324865
325334
325344
325397
325485
325567
325655
325798
326186
326190
326230
326602
326636
326913
326951
327096
327347
327369
327496
327877
328033
328057
328101
328162
328238
328253
328290
328326
328478
328529
328532
328548
328684
328774
328958
329002
329055
329061
329099
329151
329179
329279
329312
329404
329627
330005
330422
330438
330670
330679
330708
330743
331264
331762
332028
332099
332114
332163
332250
332387
332485
332806
332961
333010
333184
333294
333428
333555
333621
333846
333878
333961
334097
334228
334239
334259
334331
334395
334887
334912
335333
335678
335750
335906
336117
336143
336377
336398
336413
336436
336455
336465
336786
336817
337297
337443
337541
337646
337721
338040
338047
338057
338065
338153
338174
338251
338302
338362
338463
338539
338732
338732
338789
338823
338839
338843
338859
338903
338996
339040
339126
339239
339275
339337
339634
339840
339959
340429
340532
340749
340851
341006
341008
341047
341395
341561
341763
341796
341832
341899
341924
342359
342459
342461
342538
342604
342640
342690
342690
342722
342889
342912
343106
343144
343206
343262
343433
343451
343581
343660
343786
343824
343834
343918
343954
344090
344595
344617
344633
344755
344826
344908
345350
345470
345545
345778
345810
346128
346132
346146
346186
346237
346337
346397
346402
346470
346529
346576
346827
346848
346947
347090
347108
347182
347294
347300
347388
347510
347598
347839
347895
347947
347958
348103
348132
348164
348300
348306
348312
348376
348429
348568
348665
348783
348962
349065
349257
349263
349464
349466
349615
349817
349905
349916
350086
350151
350399
350578
350630
350844
350938
351029
351090
351108
351134
351147
351210
351221
351389
351422
351666
351698
351883
352670
352754
352901
352901
353051
353257
353468
353507
353821
353863
353923
354161
354510
354764
354898
354955
355240
355262
355314
355454
355539
355560
355569
355671
356053
356329
356552
356555
356580
356604
356788
356896
356982
357131
357155
357560
357568
357621
357645
357661
357663
357712
357715
357751
357910
358129
358151
358154
358252
358417
358494
358503
358626
358740
358774
358804
359162
359242
359253
359729
359807
359854
360018
360276
360376
360410
360417
360722
360794
361050
361074
361127
361176
361485
361564
361584
361830
361860
361863
361863
362012
362307
362358
362598
362662
362858
363188
363410
363636
363693
363717
363728
363879
363971
364091
364158
364214
364419
364665
364693
364894
364913
364937
365202
365335
365482
365559
365886
365988
366044
366137
366279
366436
366666
366689
367163
367181
367528
367857
367906
367970
368113
368147
368325
368325
368596
368634
368974
369122
369438
369487
369498
369578
369599
369602
369773
369874
370129
370237
370249
370439
370466
370545
370747
370801
370832
370865
371172
371302
371545
371674
371741
372108
372294
372327
372348
372533
372641
372937
373118
373170
373359
373614
373614
373618
373664
373845
374004
374256
374422
374453
374743
374994
375012
375031
375184
375304
375304
375472
375545
375631
375642
375754
375853
375885
375908
375910
376030
376064
376182
376347
376384
376572
376581
376727
376869
376886
377183
377359
377616
377890
377935
377957
377993
378004
378044
378143
378395
378425
378474
378497
378499
378623
378670
378825
378987
379209
379385
379537
379599
379715
379777
379936
379986
380014
380232
380239
380420
380501
380639
380999
381679
381736
381909
381958
382040
382051
382091
382225
382325
382352
382555
382603
382689
383092
383219
383259
383262
383670
383792
384053
384117
384125
384256
384306
384336
384379
384387
384946
385318
385484
385561
385612
385651
385705
385931
385937
385984
385992
386068
386089
386189
386506
386708
386977
387954
388191
388352
389015
389028
389160
389176
389178
389233
389498
389683
389762
389791
389815
390924
391005
391097
391293
391310
391318
391352
391561
391695
391709
392021
392065
392449
392602
392684
392777
392866
393011
393170
393596
393667
393701
393708
393746
393788
393869
393955
393980
394575
394710
394783
394855
394862
395121
395182
395195
395228
395408
395416
395429
395546
395575
395676
396058
396058
396167
396191
396299
396410
396451
396452
396773
396871
396880
396914
397218
397370
397511
397549
397669
397742
398068
398097
398203
398207
398365
398429
398493
398585
398745
398759
398887
398938
398977
398993
399030
399167
399353
399370
399401
399548
400197
400340
400359
400654
400734
400801
400820
401011
401181
401198
401350
401621
401756
401783
401947
401962
401971
402141
402251
402378
402472
402541
402893
402906
403061
403181
403328
403920
404055
404409
404514
404574
404714
404724
404773
404885
404934
405212
405287
405327
405471
405485
405797
405850
405920
405939
406299
406320
406417
406502
406644
406840
406843
406957
406996
407039
407071
407375
407504
407541
407770
407918
407944
408056
408244
408312
408470
408494
408534
408611
408812
408842
408896
409342
409424
409555
409589
409610
409759
409815
410033
410087
410094
410323
410434
410515
410663
410962
411011
411047
411153
411359
411474
411538
411553
411569
411580
411616
411632
411665
411810
411833
411879
411902
411909
411915
412144
412228
412276
412361
412366
412556
412638
412687
412721
413025
413292
413627
413642
413714
413873
414038
414086
414384
414465
414647
414744
414811
414821
414929
414966
415118
415293
415729
415744
415773
415836
415973
416194
416255
416316
416355
416355
416421
416471
416618
416623
416781
416887
417052
417151
417156
417208
417337
417353
417502
417539
418080
418102
418348
418412
418425
418782
418794
418842
419386
419648
419725
419820
420003
420120
420299
420553
420895
420911
420965
421178
421292
421350
421415
421802
421810
422164
422177
422214
422228
422365
422394
422566
422742
422776
423028
423088
423154
423261
423290
423574
423591
423622
423641
424007
424090
424160
424303
424315
424342
424512
424532
424597
424639
424684
424688
424691
424858
424965
425234
425473
425549
425554
425705
425745
425926
426032
426127
426177
426246
426399
426403
426667
426672
426717
427002
427086
427309
427445
427542
427622
427737
427906
428051
428103
428226
428238
428282
428369
428402
428477
428648
428746
428979
429227
429558
430102
430168
430283
430324
430365
430391
430504
430711
431138
431170
431315
431322
431333
431371
431410
431587
431668
432105
432118
432401
432425
432434
432497
432548
432806
432853
432968
432981
433129
433145
433160
433454
433661
433685
433723
433904
433988
434067
434185
434441
434800
434813
434845
434850
434929
435101
435118
435445
435510
435580
435778
435895
436493
436681
436706
436742
436800
437187
437791
437871
438181
438203
438276
438461
438533
438748
438883
438914
438976
438990
439166
439174
439204
439423
439559
439603
439605
439653
440099
440200
440536
440611
440718
440779
441013
441137
441210
441374
441480
441665
441764
441873
441932
442114
442523
443054
443244
443280
443327
443372
443382
443412
443491
443783
443824
443919
444247
444451
444500
444553
444634
444899
444982
445104
445280
445478
445558
445605
445981
446396
446547
446564
446670
446712
446714
446796
446807
446875
446933
446950
447317
447320
447378
447424
447567
447998
448558
448676
448692
448971
449143
449469
449476
449521
449628
449730
449750
450036
450106
450818
450939
451744
451927
451996
452034
452175
452199
452615
452662
453009
453152
453291
453307
453444
453476
453547
453570
453623
453751
453769
453907
454113
454113
454279
454555
454909
455185
455295
455299
455702
455975
456128
456198
456214
456355
456355
456383
456388
456426
456452
456550
456730
456742
456868
456948
457058
457115
457231
457254
457799
457842
457930
458263
458545
458586
458647
458752
458763
458860
458954
459002
459005
459014
459071
459570
459598
459635
459652
459866
460164
460255
460277
460287
460323
460332
460507
460692
460723
460771
461062
461069
461128
461251
461366
461376
461382
461414
461629
462044
462086
462171
462227
462294
462347
462915
463027
463126
463159
463167
463573
463612
463787
463959
464000
464094
464239
464282
464347
464362
464434
464536
464537
464567
464617
464645
464658
465021
465113
465235
465392
465402
465470
465534
465613
465998
466150
466634
466638
466774
466862
466991
467204
467219
467654
468119
468125
468174
468542
468605
468639
468789
468813
468869
468894
469046
469164
469251
469264
469414
469556
469813
470013
470038
470134
470506
470601
470716
470838
471016
471019
471169
471344
471439
471545
471757
471883
472080
472104
472314
472452
472454
472470
472647
473061
473130
473683
473863
474478
474480
474560
474672
475055
475104
475199
475516
475654
475794
475808
475952
476007
476359
476550
476626
476653
476787
477103
477107
477108
477403
477532
477558
478155
478217
478240
478296
478377
478467
478609
478949
478990
479061
479144
479171
479243
479422
479483
479565
479885
479912
479974
479991
480091
480117
480125
480260
480308
480359
480694
480866
481135
481145
481267
481365
481550
481630
481772
481912
482131
482275
482307
483211
483218
483495
483723
483795
484009
484220
484321
484383
484578
484581
484701
484805
484972
485242
485636
485641
485696
485966
485978
486040
486184
486511
486566
486763
486773
486807
487044
487112
487251
487266
487287
487525
487818
488007
488110
488314
488440
488440
488477
488576
488800
488949
489083
489190
489267
489433
489932
489947
490199
490335
490633
490853
490871
490873
491291
491981
492144
492288
492698
492750
492779
492779
492922
492942
493399
493516
493591
493636
493774
493849
493936
494064
494210
494349
494380
494411
494495
494793
495102
495476
495547
495715
495743
496097
496295
496365
496625
496710
496826
496910
497224
497307
497390
497394
497457
497509
497513
497538
497770
497929
498121
498161
498172
498195
498405
498494
498884
499270
499282
499683
499787
499805
499936
500015
500296
500368
500658
500709
500826
501026
501096
501136
501269
501283
501371
501434
501602
501821
502122
502295
502337
502558
502831
502850
502874
502901
502937
503050
503099
503188
503275
503394
503591
503691
503969
504024
504237
504335
504358
504384
504692
504783
504794
504851
504912
505077
505122
505268
505278
505344
505350
505382
505517
505589
505726
505751
505901
505940
506168
506241
506332
506449
506520
506724
506773
506813
506819
506900
506991
507131
507596
507816
507825
507855
507865
508069
508203
508430
508486
508551
508555
508636
508821
508940
508981
509147
509276
509281
509368
509464
509604
509612
509898
509928
509932
509967
510023
510024
510139
510168
510240
510398
510488
510537
510562
510831
510886
510993
511104
511556
511674
511738
511796
511936
512136
512233
512330
512382
512734
512904
512986
513301
513613
513667
513814
513828
513900
514105
514396
514478
514535
514759
515104
515167
515450
515712
515795
515912
515933
515942
516147
516399
516726
516735
516765
517076
517115
517157
517319
517527
517609
518173
518544
518856
518931
519042
519116
519385
519484
519686
519855
519886
520679
520681
520693
520792
521000
521037
521278
521733
521772
521869
521879
522138
522271
522348
522623
522727
522764
522825
522837
522859
522936
522977
523012
523053
523175
523292
523384
523409
523490
523800
523881
523921
523990
524061
524066
524084
524153
524266
524327
524351
524352
524395
524475
524722
525165
525444
525526
525541
525597
525629
525795
525880
525907
526130
526353
526966
527165
527223
527275
527378
527400
527443
527480
527500
527740
527998
528205
528385
528441
528578
528647
528723
528740
528795
528795
528923
529173
529268
529315
529593
529981
530008
530097
530587
530614
530634
530641
530726
530743
530859
530930
531008
531101
531258
531446
531553
531604
531634
531726
531755
531833
531950
532278
532535
532671
532724
532863
532924
533023
533310
533617
533627
533643
533663
533805
533913
533927
534367
534376
534385
534699
534907
535076
535134
535216
535320
535422
535576
535694
535932
535991
536229
536276
536311
536316
536355
536431
536646
537348
537440
537476
537491
537552
537756
537887
538352
538511
538549
538679
538849
538961
539118
539140
539160
539196
539227
539250
539274
539294
539460
539466
539504
539514
539531
539611
539820
539927
539936
540098
540100
540198
540528
540705
541028
541365
541527
541665
541773
541846
542580
542611
542958
542958
543086
543139
543150
543201
543298
543839
543878
544224
544228
544271
544388
544417
544577
544677
544812
545112
545138
545201
545436
546100
546148
546237
546475
546481
546602
547059
547094
547223
547500
547515
547521
547648
547672
547714
547890
547919
547974
548117
548313
548420
548444
548641
548875
548994
549550
549572
549622
549927
550016
550133
550255
550305
550330
550333
550435
550469
550518
550644
550670
550692
550755
550813
550843
551057
551304
551311
551406
551435
551451
551764
551845
551931
551965
552156
552158
552199
552200
552280
552349
552581
552957
553124
553186
553238
553387
553550
553702
553881
553923
553933
553957
554145
554180
554195
554253
554280
554341
554411
554465
554770
554985
555267
555324
555450
555455
555548
555562
555589
555608
556175
556200
556347
556406
556416
556488
556500
556790
556806
557166
557171
557615
557630
557756
557888
558100
558494
558523
558574
558600
558688
558902
558912
559089
559283
559364
559366
559406
559450
559499
559652
559863
559864
559888
560059
560079
560106
560297
560322
560675
560962
560987
561375
561414
561507
561710
561931
561931
562108
562119
562202
562218
562433
562443
562605
562634
562645
562665
562718
562906
563082
563501
563608
563968
564068
564102
564159
564184
564187
564337
564354
564376
564417
564485
565042
565056
565063
565188
565253
565280
565353
565448
565454
565567
565787
566022
566207
566246
566486
566577
566910
567054
567173
567173
567175
567286
567419
567448
567491
567497
567715
567769
567808
567825
567889
568164
568248
568281
568388
568485
568731
569056
569077
569155
569348
569369
569479
569620
569988
570624
570730
570734
570829
570944
570953
571612
571683
571723
571857
571906
571977
572138
572347
572776
573244
573360
573629
573675
573719
573848
573979
574472
574711
574879
575043
575430
575563
575727
575894
575979
576475
576512
576580
576756
576772
576885
576886
577470
577563
577599
577747
577800
578055
578324
578344
578362
578375
578387
578473
578595
578854
579011
579037
579147
579288
579321
579479
580117
580264
580358
580598
580721
580753
580807
580950
581158
581323
581441
581522
581635
581690
581716
581767
581820
581866
581945
582516
582616
582781
582856
582990
583097
583249
583249
583438
583742
583765
583769
583829
583835
583867
583868
583912
584172
584228
584398
584525
584626
584719
584721
585321
585399
585574
585748
585891
585995
586003
586046
586794
586896
586964
587125
587127
587331
587517
587522
587931
588021
588062
588126
588141
588253
588349
588387
588440
588731
588738
588771
588987
589011
589291
589348
589571
589658
589705
589795
589795
589960
590119
590126
590371
590646
590838
590864
591031
591060
591096
591311
591377
591451
591475
591569
591772
591999
592084
592102
592130
592140
592267
592272
593060
593140
593234
593252
593668
593710
593901
593982
594509
594607
594635
594668
594689
594710
594940
595005
595028
595189
595192
595388
595472
595633
595863
595903
595959
595993
596049
596093
596500
596519
596679
596738
596792
596833
596934
597137
597204
597296
597340
597384
597951
598567
598744
598773
598850
598951
598977
599324
599324
599353
599382
599383
599473
599568
599736
600426
600433
600805
601189
601201
601430
601456
601542
601607
601679
601759
601832
601950
602158
602430
602561
602695
602748
602757
602767
602798
602904
602976
603245
603320
603554
603814
603913
603932
604048
604161
604211
604453
604848
605398
605588
606105
606106
606114
606119
606140
606142
606235
606250
606258
606334
606384
606633
606905
606907
606964
607206
607259
607464
607588
607783
607837
608224
608477
608778
608923
609032
609053
609077
609167
609199
609412
609476
609485
609625
609629
609800
609809
609825
610039
610041
610502
610712
610817
611009
611013
611077
611099
611137
611158
611161
611191
611290
611403
611567
611567
611569
611641
611704
611916
611988
612515
612813
613314
613420
613430
613552
613695
613793
613853
613961
613964
614063
614071
614115
614141
614177
614256
614338
614421
614437
614514
614612
614647
614680
614750
614912
614924
615128
615327
615516
615587
615614
615824
615910
616017
616030
616045
616268
616770
616986
617031
617161
617227
617230
617389
617668
617744
617756
617850
618049
618173
618394
618569
618716
618792
618822
619153
619256
619265
619312
619390
619402
619458
619513
619679
619709
619884
620055
620069
620132
620182
620312
620416
620463
620628
620650
620650
620880
621387
621398
621411
621483
621766
621875
621915
622218
622239
622426
622453
623299
623474
623479
623516
623586
623994
624038
624272
624470
624476
624479
624642
624665
624683
624762
624838
624953
625103
625144
625544
625565
625719
626110
626161
626393
626422
626522
626586
626653
626679
626801
626853
626918
626985
627054
627228
627267
627313
627505
627528
627559
628152
628209
628214
628456
628489
628501
628540
628585
628638
628654
628672
628702
628956
629117
629230
629431
629516
629544
629653
630097
630112
630183
630194
630335
630487
630522
630661
631100
631179
631187
631267
631322
631436
631519
631524
631576
631978
632113
632586
632654
633132
633201
633597
633615
633675
633942
633964
633986
634030
634079
634088
634181
634258
634314
634315
634358
634413
634577
634597
634636
634960
634996
635065
635139
635373
635487
635532
635661
635999
636204
636222
636299
636300
636404
636567
636588
636681
636763
636819
636870
637027
637215
637237
637278
637415
637596
637800
637904
637911
638074
638123
638188
638301
638453
638753
638786
638820
639383
639570
639595
639789
639820
639880
640033
640530
640575
640697
641005
641296
641559
641678
641848
641916
642334
642354
642397
642403
642445
642552
642583
642690
643241
643293
643367
643416
643481
643610
643614
643644
643936
644094
644245
644371
644637
644733
644975
644987
645337
645420
645685
645924
646001
646059
646077
646442
646466
646629
646782
646941
647039
647180
647279
647605
647942
647974
648237
648457
648527
648696
648951
649075
649161
649405
649512
649554
649621
649785
649787
649982
650116
650291
650367
650512
650552
650612
650632
650787
650872
650913
651006
651070
651177
651357
651360
651371
651380
651558
652100
652350
652571
652729
652834
652864
652995
653095
653246
653396
653483
653498
653668
653771
654002
654161
654354
654398
654412
654720
654847
654867
655033
655154
655166
655184
655189
655319
655346
655469
655707
655823
655944
656029
656056
656100
656499
656502
656528
656634
656639
656683
656770
656841
656955
656991
657166
657186
657255
657430
657634
657651
657803
657824
658038
658051
658062
658062
658105
658140
658471
658560
658601
658602
658651
658715
658783
658892
659007
659125
659167
659288
659510
659520
659533
659590
659878
659921
659953
660049
660129
660352
660371
660545
660868
660982
661390
661646
661668
661948
662069
662083
662304
662474
662577
662616
662746
662818
663092
663119
663153
663231
663274
663334
663412
663569
663631
663949
664132
664613
664677
664689
664745
664801
664868
665260
665383
665438
665477
665714
665717
665751
665829
665929
666054
666175
666213
666241
666573
666581
666615
666660
666771
666811
666985
667034
667094
667128
667168
667343
667431
667527
667704
667877
668008
668055
668129
668279
668465
668507
668611
668614
668622
668687
668819
668925
669016
669017
669042
669045
669051
669072
669293
669364
669427
669497
669580
669710
669833
669902
670069
670151
670231
670296
670672
670746
671078
671247
671551
671573
671745
671802
671858
672114
672146
672159
672166
672268
672305
672391
672491
672737
672827
672910
673288
673826
674013
674015
674148
674199
674354
674461
674582
674592
674639
674718
674962
675219
675308
675324
675929
676032
676035
676149
676211
676317
676465
676561
676643
676733
676761
676790
676803
676989
677019
677201
677372
677410
678283
678355
678479
678483
678655
678666
679083
679097
679119
679174
679216
679315
679442
679528
679672
679821
680100
680108
680177
680367
680384
680549
680586
680991
681095
681246
681259
681337
681387
681967
682168
682707
682881
683136
683198
683225
683351
683361
683657
683697
683728
683729
683876
684078
684342
684359
684702
685528
685728
685792
685799
685972
685984
686054
686271
686449
687096
687287
687306
687439
687616
688230
688246
688332
688369
688498
688503
688599
688635
688651
688908
689263
689507
689581
689859
689964
690024
690466
690498
690522
690533
690554
690780
690886
691029
691048
691188
691207
691253
691359
691547
691690
691784
691802
691873
691906
691947
691964
691966
692007
692139
692324
692356
692425
692452
692779
692868
692999
693138
693348
693351
693556
693569
693584
693604
693641
693716
693847
693956
693963
694223
694308
694481
694712
694814
695030
695389
695397
695526
695536
695585
695636
695843
696312
696401
696408
696563
696767
696806
696827
696833
696852
696855
696920
696995
697159
697353
697368
697461
697617
697754
697808
697940
698010
698092
698192
698261
698487
698498
698515
699032
699111
699145
699150
699264
699406
699478
699790
699949
700126
700381
700788
700804
700815
700910
701213
701258
701359
701416
701634
701671
701946
702041
702096
702137
702167
702260
702274
702378
702400
702433
702489
702519
703035
703222
703717
703737
703807
703997
703999
704044
704207
704231
704385
704464
704682
704704
704848
704946
704985
705170
705515
705550
705587
705601
705606
705669
705677
705745
705940
706148
706281
706298
706366
706451
706586
706870
706945
707111
707183
707331
707513
707604
707635
707686
707863
708485
708518
708567
709024
709340
709403
709584
709907
709979
710025
710267
710500
710846
710912
710971
710978
711240
711271
711356
711446
711491
711553
711942
711979
712025
712116
712224
712394
712678
713118
713495
713564
713589
713931
714009
714087
714092
714391
714398
714416
714479
714669
714923
714924
715097
715099
715133
715266
715288
715324
715363
715409
715578
715693
716065
716306
716361
716426
716454
716481
716881
717007
717102
717238
717324
717377
717443
717492
717528
717564
717627
717899
718035
718042
718143
718395
718478
718549
718593
718720
719261
719286
719310
719483
719485
719576
719636
719727
719744
719763
719859
719867
719892
720164
720282
720291
720334
720432
720440
720515
720562
720588
720599
720899
721123
721364
721583
721609
721627
721634
721699
722240
722436
722577
722605
723029
723286
723379
723381
723392
723457
723521
723627
723698
723892
724049
724207
724209
724406
724412
724575
724587
724607
724954
725153
725235
725800
725840
725854
726198
726440
726456
726468
726842
726996
727196
727416
727524
727560
727593
727760
727864
727870
728014
728096
728129
728136
728201
728490
728683
728685
728855
728868
729122
729293
729345
729443
729546
729737
729738
729742
729993
730148
730288
730313
730328
730444
730837
731114
731118
731216
731379
731425
731460
731472
731548
731824
732023
732251
732475
732526
732562
732696
732702
732725
732989
733036
733148
733188
733347
733618
733842
734092
734160
734223
734276
734286
734428
734483
734546
734704
734768
734876
734901
735117
735345
735366
735510
735804
735810
735845
735897
735949
735950
736068
736507
736727
736795
736809
736835
736900
737033
737045
737104
737236
737320
737496
738342
738386
738417
738534
738563
739228
739237
739407
739615
739948
740434
740526
740629
740643
740673
740838
740845
740967
741078
741115
741116
741173
741215
741283
741327
741425
741425
741469
741481
741502
741642
741757
741833
741880
741953
741996
742002
742336
742359
742430
742678
742788
742843
742849
742925
742928
743192
743193
743322
743414
743590
743607
743648
743833
744043
744089
744551
744797
744807
745043
745062
745369
745388
745533
745540
745560
745602
745705
745747
745924
746022
746031
746112
746187
746211
746213
746403
746450
746740
747019
747187
747196
747332
747536
747647
747684
747921
747966
748049
748157
748291
748362
748485
748755
748829
748852
749169
749283
749326
749367
749381
750150
750317
750363
750378
750466
750621
750802
750816
750829
751006
751083
751107
751283
751341
751422
751555
751783
751841
752117
752150
752524
752552
752953
753220
753489
753586
753609
753626
753699
753781
754133
754429
754595
754711
754860
754884
755054
755105
755157
755159
755162
755185
755307
755398
755563
755762
755880
755900
755924
755989
756060
756073
756080
756189
756331
756414
756420
756513
756684
756707
757193
757440
758072
758378
758516
758767
758935
759168
759168
759233
759635
759721
759802
759957
759959
759977
760090
760125
760328
760491
760742
760888
761044
761433
761509
761588
761601
761646
762084
762186
762187
762372
762709
762908
763117
763399
763403
763632
763642
763716
763773
763872
763879
764089
764176
764318
764678
764815
765022
765248
765537
765538
765633
765797
765921
766093
766098
766194
766259
766291
766447
766497
766532
766764
766822
767038
767188
767288
767310
767477
767484
767512
767544
767552
767554
767634
767753
768012
768092
768272
768284
768335
768415
768437
768727
768932
768950
768958
768990
769140
769154
769495
769514
769559
769649
769674
769957
770006
770015
770213
770287
770540
770607
770662
770781
770786
770794
770805
770933
770938
770967
771224
771236
771273
771340
771388
771515
771516
771560
771675
771718
771798
771853
771965
772024
772035
772107
772386
772440
772597
772607
772646
772768
772858
772922
773310
773349
773410
773442
773761
773774
773793
773911
774135
774250
774510
774693
774845
774931
774972
775046
775099
775108
775183
775255
775270
775419
775471
775500
775525
775714
775964
776131
776256
776354
776356
776373
776562
776908
777088
777223
777232
777463
777512
777530
777565
777646
777714
777877
777899
777905
777925
778094
778235
778712
778742
778778
779040
779321
779692
779937
780030
780475
780505
780633
780720
780761
780803
780924
780929
780939
781189
781191
781234
781280
781324
781821
781860
781891
781905
782185
782439
782719
783172
783574
783998
784324
784409
784420
784521
784523
784687
784797
784852
784955
785187
785309
785338
785380
785428
785448
785466
785581
785713
785745
785755
785786
785812
785837
786240
786395
786635
786903
786924
787172
787212
787276
787331
787364
787390
787432
787636
787759
787932
788190
788236
788268
788407
788428
788642
788664
788777
788818
788826
788828
788842
788844
789130
789156
789398
789436
789457
789492
789608
789611
789624
789626
789660
789678
790035
790157
790254
790413
790428
790646
790722
790769
790878
791047
791161
791352
791505
791544
791927
792194
792261
792282
792908
793251
793426
793689
793717
793760
793773
793905
793976
794506
794587
794649
794964
795004
795069
795322
795373
795380
795383
795471
795703
795768
795870
795875
796332
796431
796525
796532
796576
796745
796762
796799
796861
797123
797157
797282
797515
797547
797664
798213
798406
798629
798659
798989
799233
799560
800118
800145
800213
800303
800709
800730
800770
800849
800969
800986
801387
801858
801936
802202
802270
802360
802467
802481
802533
802689
802842
802846
802968
803192
803306
803472
803555
803827
804185
804250
804295
804421
804443
804771
804865
804917
805191
805531
805577
805592
805613
805662
806067
806141
806142
806303
806319
806493
806589
806848
806948
807055
807145
807274
807321
807436
807490
807509
807722
807743
807881
807920
808039
808065
808253
808418
808607
808995
809154
809221
809258
809298
809716
809813
810072
810200
810201
810257
810480
810511
810731
810732
810741
810893
810933
811034
811195
811208
811238
811304
811322
811409
811411
811494
811637
811768
811780
811852
812257
812350
812446
812461
812471
812842
813174
813251
813287
813335
813458
813475
813566
813657
813985
814039
814123
814393
814399
814414
814493
814644
814738
814769
814791
815173
815189
815375
815561
815944
816116
816149
816233
816304
816415
816696
816776
816873
816932
816958
817109
817520
817615
817671
818027
818253
818263
818450
818822
818924
818968
819286
819300
819369
819452
819498
819514
819734
820097
820268
820349
820801
820889
820938
820989
821181
821197
821348
821418
821442
821533
821761
821813
822206
822287
822315
822346
822500
822616
822693
822731
822820
822860
822886
823548
823633
823637
823653
823821
823827
823875
823937
824013
824088
824239
824419
824559
824663
824665
824776
824993
825028
825069
825070
825484
825642
825644
825782
826017
826063
826148
826677
826766
827679
827753
827936
827941
828045
828086
828088
828392
828626
828683
828723
828911
829158
829265
829647
830001
830020
830145
830177
830842
831034
831222
831646
831654
831729
832107
832116
832300
832405
832513
832544
832611
832619
832873
832966
833002
833042
833135
833327
833406
833418
833680
833704
833761
833800
833801
834212
834314
834479
834493
834497
834665
834764
834841
834844
834950
835011
835013
835042
835186
835215
835528
835664
835785
835790
836119
836210
836458
836646
836941
836967
836997
837078
837528
837768
837885
837895
837939
838145
838375
838556
838618
838622
838645
838756
839124
839467
839577
839735
839755
839998
840038
840056
840078
840229
840307
840406
840862
840871
841207
841496
841741
841847
841856
842171
842238
842265
842400
842427
842434
842464
842553
842597
842649
842662
842847
843144
843412
843444
843506
843647
844175
844345
844383
844451
844632
844889
845293
845381
845495
845609
845714
845821
845997
846385
846418
846609
846660
846791
847012
847095
847211
847327
847360
847442
847563
847738
847895
848091
848155
848216
848288
848498
848887
848940
849013
849261
849344
849502
849560
849620
849658
849693
849722
849815
850157
850159
850529
850755
850817
850956
850999
851018
851518
851632
851804
851894
851975
851988
852087
852219
852276
852639
852884
852902
852927
853018
853209
853281
853341
853673
853971
854209
854233
854233
854318
854533
854801
854805
854831
854924
855105
855184
855195
855532
855615
855641
855681
855744
855810
856005
856020
856154
856208
856361
856582
856634
856788
856987
857030
857192
857238
857473
857693
857939
858043
858112
858132
858150
858162
858367
858539
858600
858862
858973
858980
858998
859262
859637
859780
859827
859853
859872
859955
860008
860154
860521
860597
860660
860758
860837
861025
861050
861192
861265
861329
861430
861550
861795
861820
861991
862269
862271
862336
862622
862640
862712
863015
863118
863215
863233
863314
863351
863413
863720
863817
863879
864026
864077
864084
864653
864753
864902
865036
865169
865278
865309
865472
865565
865853
865900
865957
866010
866065
866100
866296
866536
866799
866874
866897
867278
867279
867540
867768
867800
867860
868002
868040
868052
868226
868411
868418
868552
868651
868720
868922
869163
869189
869394
869496
869638
869704
869787
869890
870018
870382
870461
870526
870612
870761
871259
871361
871388
871410
871453
871692
871724
871759
871793
872060
872139
872479
872704
873046
873069
873119
873197
873485
873700
873771
873813
874077
874168
874285
874311
874595
874612
874621
874723
874963
875009
875011
875220
875242
875275
875287
875320
875332
875338
875487
875492
875586
875714
875739
875743
875762
875768
876243
876289
876351
876428
876684
876770
876837
876876
876934
877011
877191
877284
877385
877389
877714
877806
878006
878172
878282
878467
878539
878580
878778
878874
878963
878977
879121
879274
879414
879427
879590
879693
879778
879845
879897
880252
880288
880418
880420
880499
880746
880773
880797
880894
880933
881013
881030
881032
881252
881386
881561
881714
881799
881870
881953
882007
882103
882257
882375
882439
882479
882575
882627
882765
882849
883197
883539
883564
883978
884183
884348
884444
884456
884490
884892
884978
885007
885019
885654
885681
886199
886383
886433
886443
886469
886480
886814
886927
887220
887324
887658
887779
887917
888039
888197
888310
888386
888594
888602
888605
888623
888726
888766
888790
888855
889034
889206
889314
889699
889779
889810
889841
889878
890246
890398
890711
890852
890862
890883
891176
891339
891496
891529
891543
891677
891963
891970
892020
892039
892061
892078
892339
892406
892600
892622
892627
892771
892786
892794
892810
892882
893060
893249
893418
893461
893572
893665
893672
893677
893701
894086
894586
894784
894845
894928
894945
895060
895228
895262
895570
895579
895691
895844
895864
895920
896054
896183
896383
896443
896710
897068
897114
897285
897291
897356
897431
897447
897583
897661
897683
897694
897871
897953
897962
898022
898033
898302
898539
898802
898827
899037
899626
899742
899951
900046
900309
900598
900779
900835
900900
900995
901015
901205
901426
901467
901772
901995
902157
902164
902228
902418
902720
903070
903348
903446
903635
903764
903894
904092
904126
904183
904419
904450
904502
904751
904805
905171
905278
905455
905666
905857
905865
905951
906241
906317
906465
906525
906540
906577
906634
906774
906869
906901
907028
907036
907132
907273
907638
907816
908015
908345
908490
908764
908827
908852
908868
908893
908940
908955
909092
909204
909206
909212
909219
909252
909513
909536
909924
910047
910102
910231
910347
910397
910541
910634
910655
910723
910755
910821
911067
911094
911148
911353
911496
911551
911641
911705
911782
911832
911861
911882
911904
912588
912810
912958
913010
913061
913096
913314
913587
913848
913964
913981
914016
914255
914323
914326
914486
914530
914597
914717
914882
914927
915017
915022
915094
915155
915244
915266
915276
915383
915581
915830
916508
916578
916743
916780
916825
916840
917235
917379
917402
917406
917420
917429
917509
917532
917537
917940
918159
918626
918636
918729
918915
919091
919203
919551
919671
919681
919699
919716
919877
919969
920062
920157
920263
920286
920322
920372
920557
920584
920806
920813
920900
921092
921206
921389
921610
921864
921973
922016
922327
922343
922488
922488
922876
923083
923222
923624
923661
923767
923818
923947
924026
924220
924223
924244
924507
924740
924769
924782
925060
925063
925255
925354
925355
925450
925758
925788
926009
926122
926183
926389
926527
926665
926687
926712
926941
926976
927056
927117
927123
927486
927760
927769
927934
928499
928792
928857
929054
929086
929715
929720
929732
930004
930075
930099
930223
930361
930375
930538
930669
930699
930775
930854
930926
930929
930971
930973
931139
931159
931239
931248
931285
931296
931481
932068
932338
932365
932370
932718
932876
933105
933159
933213
933235
933341
933537
933550
933620
933717
934160
934175
934395
934412
934565
934680
934719
934775
934864
934902
934986
935131
935185
935201
935265
935290
935390
935424
935577
935691
935733
935903
936213
936294
936446
936554
936604
936719
937039
937147
937291
937346
937414
937577
937581
937597
937736
937752
937801
937814
937845
937935
938186
938272
938460
938514
938997
939430
939640
939668
939672
939679
939763
939835
939894
939946
940026
940076
940190
940260
940361
940420
940522
940706
940732
940779
940832
941109
941116
941189
941203
941309
941465
941523
941558
941608
941655
941670
942099
942418
942615
942715
943102
943275
943426
943453
943509
943588
943710
943733
943906
943919
943957
944050
944088
944097
944099
944147
944494
944554
944565
944648
944812
944841
944909
944985
945006
945045
945124
945294
945299
945438
945735
945754
946107
946181
946422
946449
946501
946719
946754
946815
946832
946832
946948
947075
947520
947746
947808
947821
947848
947868
948272
948287
948366
948489
948969
949108
949142
949291
949335
949472
949587
949590
949735
949944
949962
950216
950331
950829
951006
951044
951172
951415
951498
951522
951614
951672
951762
951952
952043
952132
952231
952271
952729
953338
953510
953739
953776
954106
954156
954177
954215
954233
954527
954708
955018
955020
955103
955234
955245
955259
955291
955656
955706
955711
955879
956370
956514
956517
956701
956801
956893
957276
957284
957474
957652
957680
957774
957796
957895
957956
958202
958381
958431
958658
958791
958796
958940
959069
959544
959746
959867
959891
960001
960172
960190
960330
960405
960654
960823
961018
961054
961316
961540
961553
961570
961652
961745
961842
962192
962201
962494
962528
962593
962681
962683
962737
962752
962776
962863
962899
963057
963148
963320
963383
963420
963542
963888
964233
964265
964579
964623
964735
964963
965189
965398
965437
965658
965673
965708
965709
966333
966338
966402
966429
966724
966900
966955
967229
967364
967607
967613
967721
967810
968180
968289
968770
968772
968778
968865
969015
969369
969550
969595
969906
969971
970048
970230
970315
970491
970516
970676
970737
970898
970947
971281
971328
971878
971881
971971
971988
971993
972195
972262
972627
972666
972719
972738
973022
973040
973050
973363
973396
973526
973618
973636
973782
973899
974093
974155
974169
974183
974241
974456
974613
974914
975069
975108
975264
975563
975732
975875
975929
976001
976032
976047
976061
976309
976421
976481
976527
976633
976640
976811
976861
977230
977230
977546
977888
978180
978258
978263
978295
978382
978742
978751
978884
979002
979308
979487
979790
979827
979871
979879
980027
980032
980203
980293
980321
980817
980839
980942
981336
981340
981581
981615
981677
981695
981756
981775
982119
982142
982251
982347
982359
982369
982499
982805
982954
983069
983181
983230
983313
983421
983606
983949
984043
984060
984086
984137
984378
984384
984450
984564
984618
984631
984699
984745
985107
985168
985440
985526
985740
986238
986288
986359
986415
986614
986648
986750
986862
986884
986884
987156
987165
987256
987316
987376
987437
987471
987558
987747
987839
987882
988137
988189
988310
988583
988630
988730
988881
988967
989115
989232
989311
989644
989651
989709
989739
989935
989972
989991
990049
990154
990424
990494
990544
990762
990825
990834
990906
991034
991429
991448
991539
991613
991684
991700
992474
992513
992603
993086
993132
993191
993425
993480
993588
994253
994367
994441
994479
994645
994731
995055
995159
995224
995317
995403
995425
995478
995488
995515
995654
995666
995864
995884
995932
996112
996188
996207
996236
996388
996446
996669
996790
996870
996898
996952
997317
997515
997723
997747
997859
997953
997991
998132
998477
998510
998528
998958
999146
999149
999256
999287
999359
999557
999564
999588
999718
999838
999993
1000191
1000262
1000544
1000644
1000695
1000854
1000892
1001078
1001114
1001140
1001608
1001710
1001763
1001849
1002294
1002702
1003014
1003058
1003297
1003418
1003475
1003543
1003715
1003757
1003906
1004001
1004052
1004196
1004266
1004565
1004841
1004859
1005049
1005313
1005563
1005699
1005735
1006176
1006232
1006263
1006311
1006476
1006696
1006776
1006862
1007383
1007527
1007871
1007999
1008061
1008132
1008404
1008618
1008721
1008755
1008865
1008874
1008963
1008969
1009037
1009160
1009194
1009203
1009582
1009659
1009751
1009826
1010466
1010468
1010523
1010666
1011302
1011323
1011393
1011577
1011732
1011855
1011942
1012167
1012199
1012229
1012266
1012351
1012356
1012383
1012447
1012464
1012606
1012757
1012826
1012902
1013457
1013728
1013824
1013994
1014018
1014070
1014278
1014499
1014508
1014703
1014728
1014734
1014765
1014865
1015053
1015093
1015175
1015427
1015436
1015501
1015724
1015907
1015949
1016527
1016552
1016633
1016657
1017353
1017532
1017570
1017579
1017660
1017700
1017882
1018083
1018234
1018426
1018805
1018919
1018971
1019111
1019165
1019222
1019362
1019497
1019587
1019700
1019813
1019822
1019954
1020017
1020080
1020366
1020406
1020466
1020483
1020948
1021019
1021078
1021592
1021729
1021731
1021779
1021842
1021945
1021955
1021982
1021993
1022014
1022039
1022336
1022384
1022400
1022485
1022929
1022985
1023067
1023266
1023798
1023960
1024037
1024070
1024104
1024154
1024231
1024277
1024301
1024420
1024432
1024527
1024612
1024762
1024815
1024926
1024979
1025201
1025607
1026175
1026245
1026258
1026316
1026464
1026619
1027017
1027056
1027140
1027204
1027524
1027618
1027797
1027819
1027838
1028181
1028194
1028304
1028398
1028498
1028560
1028827
1029178
1029201
1029342
1029349
1029504
1029583
1029664
1029809
1029823
1030029
1030122
1030256
1030808
1030833
1030930
1030982
1031041
1031182
1031277
1031391
1031746
1031803
1031832
1031859
1031935
1031988
1032234
1032765
1032862
1033009
1033270
1033420
1033486
1033585
1033757
1034101
1034110
1034112
1034199
1034397
1034449
1034457
1034711
1034871
1034982
1035035
1035131
1035258
1035328
1035331
1035560
1035561
1035620
1035857
1035980
1036066
1036342
1036395
1036415
1036643
1036695
1036768
1036831
1036898
1036902
1036909
1036976
1037014
1037094
1037280
1037288
1037405
1037549
1037687
1037776
1037900
1037929
1038049
1038178
1038196
1038219
1038245
1038267
1038292
1038335
1038472
1038472
1038648
1038724
1038759
1038990
1039147
1039172
1039177
1039235
1039273
1039323
1039358
1039437
1039437
1039444
1039456
1039479
1040109
1040311
1040540
1040558
1040827
1040891
1040954
1041067
1041152
1041159
1041242
1041357
1041405
1041457
1041458
1041458
1041702
1041893
1042026
1042335
1042375
1042378
1042579
1042603
1042880
1042957
1043008
1043087
1043156
1043283
1043417
1043615
1043704
1043860
1044093
1044142
1044216
1044354
1044553
1044601
1044827
1044852
1045128
1045167
1045260
1045377
1045684
1045704
1045732
1045747
1045844
1046542
1046728
1046729
1046898
1046949
1046953
1046977
1047076
1047189
1047193
1047280
1047404
1047528
1047845
1047855
1048015
1048015
1048058
1048120
1048139
1048163
1048287
1048346
1048529
1048560